Time [s],Acc_x [m/s^2],Acc_y [m/s^2],Acc_z [m/s^2],Gyro_x [1/s],Gyro_y [1/s],Gyro_z [1/s]
0.0,-8.423008694080636e-06,0.2685690224170685,-1.43200168167823e-06,1.923382114910055e-06,-3.34891774400603e-05,1.5379728210973553e-05
0.05,-0.0004450794658623636,0.2694282829761505,0.0012817904353141785,1.9233198145229835e-06,-3.3489101042505354e-05,1.5379908290924504e-05
0.1,-0.01009218767285347,0.2883196175098419,0.03077610768377781,1.9225917640142143e-06,-3.348811515024863e-05,1.538214746688027e-05
0.15,-0.0032422877848148346,0.27164462208747864,0.025047751143574715,-0.000949035631492734,0.00044096328201703727,-0.00042754667811095715
0.2,-0.016170162707567215,0.21582987904548645,0.012442686595022678,-0.001510878442786634,0.0018357346998527646,-0.0002725084195844829
0.25,-0.03664826974272728,0.22480300068855286,0.04195532575249672,-0.0005964551819488406,0.0012121497420594096,9.062823664862663e-05
0.3,-0.03366977721452713,0.2757568657398224,0.03730379417538643,-0.00035155873047187924,0.0006142981583252549,0.001468203729018569
0.35,-0.040412697941064835,0.2943773567676544,0.001562286983244121,-0.000298077124170959,0.0005164003232493997,0.0012485573533922434
0.4,-0.047742970287799835,0.24549296498298645,-0.015521860681474209,-0.0021521495655179024,-0.00024670810671523213,0.001415118807926774
0.45,-0.021577585488557816,0.2242908775806427,0.011331859976053238,-0.004330337513238192,0.0003921375027857721,0.0012368905590847135
0.5,0.018643304705619812,0.24857237935066223,0.019020291045308113,-0.004026984795928001,0.001430269330739975,-0.0008429751615040004
0.55,0.04081521928310394,0.28791430592536926,0.02040143311023712,-0.002564862370491028,0.0012461291626095772,-0.00118046544957906
0.6,0.009457161650061607,0.30845358967781067,0.01163506880402565,-0.001156585873104632,0.001187615911476314,-0.0017274384154006839
0.65,-0.004962477833032608,0.24570754170417786,-0.011957884766161442,-0.0022025597281754017,0.0016101032961159945,-0.002029517898336053
0.7,0.007614094763994217,0.24669840931892395,-0.0284668430685997,-0.0037657348439097404,0.000727202626876533,-0.0021561449393630028
0.75,0.0020160344429314137,0.2761822044849396,-0.011933458968997002,-0.004329115152359009,0.000537447165697813,-0.0011500953696668148
0.8,-0.020276762545108795,0.27329543232917786,0.01273586880415678,-0.004025847651064396,0.0014313681749626994,-0.000844487629365176
0.85,-0.030996905639767647,0.24588492512702942,0.00554664758965373,-0.002563158515840769,0.0012456522090360522,-0.0011801441432908177
0.9,-0.002557370811700821,0.241794615983963,0.02163982205092907,-0.0014041047543287277,0.00019180307572241873,-0.002261112676933408
0.95,-0.0007996233180165291,0.2725229561328888,0.03218799829483032,-0.002662909682840109,-0.00022580585209652781,-0.0030097367707639933
1.0,-0.02701663039624691,0.26936057209968567,0.02200036495923996,-0.003975579049438238,-0.00011353122681612149,-0.00260542263276875
1.05,-0.003272386733442545,0.2783356010913849,0.01945703662931919,-0.002168423030525446,0.0007493863813579082,-0.002553794765844941
1.1,0.01606352999806404,0.2883930504322052,0.02147308550775051,-0.001249689026735723,0.0011329451808705926,-0.0015846194000914693
1.15,0.012870353646576405,0.24106791615486145,0.016070282086730003,-0.0017573090735822916,0.0008442836697213352,-0.0008054703939706087
1.2,-0.005367463454604149,0.21243956685066223,-0.006983086001127958,-0.00175729941111058,0.0008443036349490285,-0.000805470219347626
1.25,-0.014180549420416355,0.21295073628425598,-0.0007984897820279002,-0.001757275895215571,0.0008443446713499725,-0.000805478252004832
1.3,0.0014699343591928482,0.26001647114753723,0.028605271130800247,-0.0023608962073922157,0.0005014764028601348,0.00012133936979807913
1.35,-0.008020849898457527,0.2942982017993927,0.03571759909391403,-0.0022640691604465246,0.0005564760067500174,-2.7405414584791288e-05
1.4,-0.0371524915099144,0.28556063771247864,0.020822901278734207,-0.0020071801263839006,-0.00015439832350239158,-0.00133745395578444
1.45,-0.0017508706077933311,0.27636054158210754,0.01895071007311344,-0.0016128008719533682,-0.0006495871348306537,-0.0027111168019473553
1.5,0.02602551504969597,0.24858573079109192,-0.020189940929412842,-0.0007507351692765951,-0.0008554398082196712,-0.007783316075801849
1.55,-0.011803180910646915,0.22556784749031067,-0.030730530619621277,-0.0029718815349042416,-0.0006545013748109341,-0.011347955092787743
1.6,-0.04458536580204964,0.22231486439704895,-0.0360734649002552,-0.0008491952903568745,0.0019294579979032278,-0.01214633509516716
1.65,-0.0209059901535511,0.2799387276172638,-0.024410879239439964,0.006422942504286766,0.0035614646039903164,-0.011892924085259438
1.7,0.005031748674809933,0.3035478889942169,-0.0010295567335560918,0.011102039366960526,0.0030107474885880947,-0.005909040570259094
1.75,-0.005823731422424316,0.2971697151660919,-0.013520053587853909,0.008674249984323978,0.0023853378370404243,0.0031647535506635904
1.8,-0.08466637134552002,0.2523327171802521,-0.012870565056800842,0.0019199415110051632,-3.770256444113329e-05,0.015531942248344421
1.85,-0.10735975205898285,0.2541837990283966,0.009695962071418762,-0.0013710688799619675,-0.0032368162646889687,0.02770278975367546
1.9,-0.05623520165681839,0.30291083455085754,-0.012927885167300701,-0.004512039944529533,-0.008070589043200016,0.04032494127750397
1.95,-0.04947827383875847,0.30285361409187317,-0.041818760335445404,-0.0007980447262525558,-0.009885337203741074,0.04450216889381409
2.0,-0.007241983897984028,0.2643595039844513,-0.03633181005716324,0.0062537360936403275,-0.009752264246344566,0.043090563267469406
2.05,0.002084603998810053,0.24613574147224426,-0.014253603294491768,0.021864380687475204,-0.009167185984551907,0.027304016053676605
2.1,0.04065395146608353,0.29050353169441223,-0.004501563962548971,0.04211471229791641,-0.009552013128995895,0.002523501869291067
2.15,0.07295505702495575,0.2809200584888458,-0.02296723984181881,0.05122740566730499,-0.015001073479652405,-0.02736222743988037
2.2,0.05627061054110527,0.2676248848438263,-0.007593954913318157,0.06475459039211273,-0.016981050372123718,-0.06255786120891571
2.25,0.10261677205562592,0.2952928841114044,0.04091796651482582,0.08254972845315933,-0.015603883191943169,-0.09123442322015762
2.3,0.3750944137573242,0.25698286294937134,1.154869556427002,0.09423438459634781,-0.015154313296079636,-0.1255095899105072
2.35,0.5462951064109802,-0.3301324248313904,2.4779469966888428,0.5340086221694946,0.2692844867706299,-0.34299221634864807
2.4,0.11891621351242065,-0.23946760594844818,1.1592557430267334,0.6150995492935181,0.29408615827560425,-0.5117201805114746
2.45,-0.25891008973121643,0.14165212213993073,-0.07385997474193573,0.16594450175762177,-0.005566279869526625,-0.4064159393310547
2.5,-0.36637789011001587,0.06313708424568176,0.1820312887430191,0.005454525351524353,-0.12445728480815887,-0.15846750140190125
2.55,0.034726258367300034,0.36150458455085754,-0.05177765339612961,0.02403683215379715,-0.1569637507200241,0.15832437574863434
2.6,0.2294664829969406,0.49609094858169556,-0.10837581008672714,-0.04777882993221283,-0.253665953874588,0.26742878556251526
2.65,0.23891690373420715,0.3428020775318146,0.09224914759397507,-0.10238122195005417,-0.3003397583961487,0.17084692418575287
2.7,-0.007490466348826885,0.19232848286628723,0.010398389771580696,-0.038932908326387405,-0.17188550531864166,0.037481747567653656
2.75,-0.16259026527404785,0.18843558430671692,-0.09700748324394226,-0.0014125113375484943,-0.009337504394352436,-0.01060322392731905
2.8,0.06927008181810379,0.2763071358203888,-0.06567894667387009,-0.06193738430738449,0.07411385327577591,0.02996443212032318
2.85,-0.03730982914566994,0.33858588337898254,0.032037049531936646,-0.15876445174217224,0.12239274382591248,0.025298140943050385
2.9,0.11852837353944778,0.4859638810157776,-0.02763240411877632,-0.10710743814706802,0.18534384667873383,-0.016915366053581238
2.95,0.1511581689119339,0.5184689164161682,-0.23085075616836548,-0.10870597511529922,0.15003083646297455,-0.04346516728401184
3.0,-0.16001999378204346,0.5931654572486877,0.050964076071977615,-0.20009273290634155,0.008854503743350506,-0.050665244460105896
3.05,-0.5781230926513672,1.5477707386016846,0.5073755979537964,0.02621031180024147,-0.15405084192752838,0.0421128123998642
3.1,-0.5602400898933411,2.3521549701690674,0.2409508228302002,0.6410752534866333,0.017558669671416283,-0.04473578929901123
3.15,0.371930330991745,1.7954226732254028,-1.105139136314392,1.3198761940002441,0.9490321278572083,-0.6596056818962097
3.2,-0.18350982666015625,-0.8188928365707397,-4.867144584655762,1.2215079069137573,1.8591378927230835,-1.5555646419525146
3.25,1.032130479812622,-3.3124232292175293,-7.446149826049805,0.28190186619758606,1.070225715637207,-1.0704364776611328
3.3,4.698085784912109,-3.3836395740509033,-9.413718223571777,-0.3504924178123474,-0.39264345169067383,0.2982490360736847
3.35,5.64038610458374,-1.2886435985565186,-9.047991752624512,-0.6468369960784912,-1.0284663438796997,0.7379729151725769
3.4,4.244494438171387,2.3081729412078857,-6.055802345275879,-0.15420830249786377,-0.9872530698776245,0.452997088432312
3.45,1.463973879814148,3.9763176441192627,-2.0309600830078125,1.078667163848877,-0.3082641661167145,0.4864736497402191
3.5,-1.7608909606933594,2.7990126609802246,2.255352020263672,2.1289937496185303,0.3046180009841919,0.8623101711273193
3.55,-3.6373467445373535,0.4183916747570038,5.571591377258301,2.3810102939605713,0.38490861654281616,0.7751948237419128
3.6,-3.117929220199585,-2.514601469039917,8.6530122756958,1.8757610321044922,0.17230401933193207,0.1399340182542801
3.65,-1.9911718368530273,-5.45367431640625,11.01318359375,0.7078704833984375,-0.15155673027038574,-0.12272242456674576
3.7,-0.2776796221733093,7.808210372924805,0.015098486095666885,-0.744364321231842,-0.7011550068855286,-0.08529923856258392
3.75,-0.23328399658203125,9.712051391601562,-5.153547763824463,-2.5280165672302246,-0.6751503944396973,-0.5469157695770264
3.8,-0.3876765966415405,1.804496169090271,1.2846413850784302,-3.158175468444824,-0.1784839928150177,-0.22706808149814606
3.85,-0.3248782157897949,1.51547372341156,2.275452136993408,-2.128169536590576,0.11078891903162003,0.07892728596925735
3.9,-0.32253241539001465,1.3477613925933838,1.046810507774353,-0.6464919447898865,0.0025900746695697308,-0.23156069219112396
3.95,-0.11454576253890991,0.41030412912368774,-0.09727339446544647,0.024019896984100342,-0.11458168178796768,-0.38248956203460693
4.0,-0.3383248448371887,0.21720030903816223,-0.14283017814159393,-0.13148760795593262,-0.0798615887761116,-0.1754431277513504
4.05,0.02431662753224373,0.27671149373054504,0.08670622110366821,-0.15002933144569397,0.055900368839502335,0.011641260236501694
4.1,0.2287755310535431,-0.2538614273071289,1.1406681537628174,-0.027834085747599602,0.1391410380601883,-0.056786321103572845
4.15,0.2179798185825348,-0.10962580144405365,0.7958405017852783,0.09110178798437119,0.18199720978736877,-0.11724276840686798
4.2,0.07309320569038391,0.2876749336719513,-0.09340867400169373,0.003376435488462448,0.08436211198568344,-0.06784779578447342
4.25,-0.03445994108915329,0.2556810677051544,-0.029056068509817123,-0.18810886144638062,-0.03940935805439949,0.018084554001688957
4.3,-0.17917954921722412,0.26236632466316223,-0.03354194760322571,-0.24417203664779663,-0.07764977216720581,0.08094468712806702
4.35,0.0009498149156570435,0.2545776665210724,0.03899918496608734,-0.195510134100914,-0.07272742688655853,0.12591807544231415
4.4,0.09122104197740555,0.22755339741706848,0.0772671326994896,-0.030025748535990715,-0.008019624277949333,0.05231372267007828
4.45,-0.13216137886047363,0.25227072834968567,0.08831636607646942,0.01116809993982315,-0.0042188214138150215,0.01975838653743267
4.5,-0.217984139919281,0.2353067845106125,0.12551386654376984,-0.07745202630758286,-0.05669725313782692,0.12393511086702347
4.55,-0.41561082005500793,0.21775442361831665,0.27481162548065186,-0.09921681880950928,-0.0796751156449318,0.23136726021766663
4.6,-0.19105350971221924,0.2595129609107971,0.24089986085891724,-0.08531089872121811,-0.06571391969919205,0.3059293031692505
4.65,0.3033628761768341,0.1907987743616104,0.005847390741109848,-0.09526719897985458,-0.025677071884274483,0.29828304052352905
4.7,0.2187463641166687,0.31408217549324036,0.04569616541266441,-0.08943931758403778,0.0003354235377628356,0.21556974947452545
4.75,0.14455652236938477,0.334082692861557,1.3023192882537842,-0.0027933865785598755,-0.035755738615989685,0.1989917904138565
4.8,-0.15509605407714844,0.5843278169631958,1.0199778079986572,0.10352230072021484,-0.19134032726287842,0.2163340002298355
4.85,-0.5483471155166626,1.1214276552200317,0.0736030712723732,0.3128015995025635,-0.26120617985725403,0.17124684154987335
4.9,-1.0794293880462646,1.4333888292312622,-0.5280666351318359,0.775086522102356,0.2350054383277893,-0.2765375077724457
4.95,-4.5627899169921875,3.645150661468506,-5.996886730194092,0.5262895226478577,0.3268681466579437,-0.7175442576408386
5.0,-4.384621620178223,1.4225711822509766,-5.367824554443359,-0.4507680833339691,-0.8684292435646057,-1.2076960802078247
5.05,-0.3279553949832916,-2.5017826557159424,1.0632452964782715,0.12640628218650818,-1.4678272008895874,-0.7827499508857727
5.1,-0.022418975830078125,-5.4476213455200195,11.140693664550781,1.1582878828048706,-0.9398844242095947,0.5354307293891907
5.15,1.354060173034668,-3.913031816482544,7.824397087097168,1.0909674167633057,0.008567461743950844,0.43967506289482117
5.2,3.8158798217773438,-0.6015293598175049,-0.11437872797250748,0.9098421335220337,0.6570937633514404,-0.518581211566925
5.25,4.190456390380859,-0.39782068133354187,-0.025594497099518776,0.8175897598266602,0.4130028784275055,-0.9639792442321777
5.3,6.730111598968506,-0.38124406337738037,-0.9099588394165039,0.5365308523178101,-0.18010982871055603,-1.0592007637023926
5.35,9.217693328857422,-1.208997368812561,-3.3908586502075195,-0.14643481373786926,0.011600696481764317,-0.28347158432006836
5.4,6.346956729888916,-0.9674946069717407,-5.104165077209473,-0.4519556760787964,0.661292552947998,1.0362882614135742
5.45,3.0782370567321777,1.0439527034759521,-4.513238906860352,-0.24784529209136963,0.5263268351554871,1.7958288192749023
5.5,0.09022402763366699,2.963846206665039,-4.531608581542969,-0.5671732425689697,0.8380762338638306,2.3175816535949707
5.55,-4.4032816886901855,0.8586217761039734,-2.603234052658081,-1.0385842323303223,1.576390027999878,2.566549301147461
5.6,-6.980643272399902,-1.6406677961349487,0.8944767713546753,-0.6301577091217041,1.6603116989135742,1.8754830360412598
5.65,-9.799542427062988,-3.8357090950012207,3.3776755332946777,0.3131680190563202,0.8530675172805786,-0.02755085565149784
5.7,-7.852052688598633,-7.767149448394775,15.255477905273438,0.24949055910110474,-0.08325445652008057,-2.2380809783935547
5.75,-4.066642761230469,-3.4567222595214844,9.009604454040527,-1.0048173666000366,0.311394065618515,-2.0653719902038574
5.8,-1.4534176588058472,1.2572871446609497,-1.1141374111175537,-1.8899022340774536,0.7256432771682739,-0.1497863084077835
5.85,1.9591655731201172,1.9338600635528564,1.447556495666504,-1.549027919769287,0.3991580903530121,0.8841732144355774
5.9,1.456766128540039,1.0429068803787231,0.9762113094329834,-0.37404394149780273,0.0007674156804569066,-0.1867961287498474
5.95,-0.62300705909729,0.1734800934791565,0.48305201530456543,0.11502653360366821,-0.28041765093803406,-0.9346864223480225
6.0,-0.27595579624176025,0.3216152489185333,0.07640758156776428,0.12813663482666016,-0.2593141496181488,-0.4016197919845581
6.05,0.21498218178749084,0.406798392534256,-0.3430091440677643,0.2116241753101349,-0.1891118884086609,-0.08069641143083572
6.1,-0.12024596333503723,0.2589626610279083,-0.16941790282726288,0.11954641342163086,-0.1817188709974289,0.02191503345966339
6.15,0.0066188061609864235,0.19976046681404114,0.03613606467843056,-0.003732144832611084,-0.16540786623954773,0.15525804460048676
6.2,0.11712327599525452,0.1700439602136612,0.027066657319664955,0.0002059992402791977,-0.08490937203168869,0.056910332292318344
6.25,0.024730868637561798,0.2411356121301651,-0.1450033038854599,0.03285198658704758,-0.019585900008678436,-0.08267971128225327
6.3,0.05866716802120209,0.2981109917163849,-0.023525452241301537,0.016594011336565018,-0.017296798527240753,-0.09610611200332642
6.35,-0.11408020555973053,0.2894907295703888,-0.013032116927206516,0.026797762140631676,0.012691671960055828,-0.08618175983428955
6.4,-0.18643216788768768,0.2804765999317169,-0.0852673351764679,0.03487160801887512,0.04324590414762497,-0.06982005387544632
6.45,-0.10830286145210266,0.26006224751472473,-0.046001795679330826,0.019428975880146027,0.0452788844704628,-0.044825926423072815
6.5,0.1851986050605774,0.26962950825691223,-0.03280877321958542,0.002882217988371849,0.041561421006917953,-0.01631191186606884
6.55,0.12697651982307434,0.31696799397468567,-0.06148694455623627,0.01832941547036171,0.03335263207554817,-0.04549457132816315
6.6,0.16284552216529846,0.319060355424881,-0.054393619298934937,0.0327315591275692,0.016365841031074524,-0.034027211368083954
6.65,0.3631783425807953,0.2537508010864258,-0.023852020502090454,0.022477999329566956,-0.0002766537945717573,-0.056750908493995667
6.7,0.2665053606033325,0.31926634907722473,-0.015519600361585617,0.0740792378783226,-0.02880435809493065,-0.2769758701324463
6.75,0.23214934766292572,0.43459993600845337,0.05920009687542915,0.20828649401664734,-0.06668131053447723,-0.49591103196144104
6.8,0.2926517724990845,0.4491148591041565,0.564810037612915,0.3595935106277466,-0.09923364222049713,-0.6762238144874573
6.85,1.3494062423706055,0.6773366928100586,0.4085089862346649,0.5467166304588318,-0.04609869793057442,-0.8381150960922241
6.9,1.3828892707824707,1.3531008958816528,0.26889654994010925,0.7881021499633789,-0.23380081355571747,-1.4776339530944824
6.95,5.078641891479492,1.5141297578811646,1.2088778018951416,1.2347662448883057,-1.234973669052124,-2.3030178546905518
7.0,14.83803939819336,0.406197190284729,3.3566102981567383,1.4781347513198853,-2.4892401695251465,-3.08193039894104
7.05,9.408818244934082,0.9024040102958679,8.63967514038086,0.7520336508750916,0.5888903737068176,1.277245044708252
7.1,-1.9225072860717773,-0.5363354682922363,10.338406562805176,-0.8493852615356445,2.5022354125976562,4.796609401702881
7.15,-3.5208067893981934,4.7813520431518555,3.1961448192596436,-0.5838748216629028,-0.18150098621845245,3.3097434043884277
7.2,-4.4111328125,5.4792799949646,-0.35420504212379456,0.12844687700271606,-1.8328824043273926,1.5681427717208862
7.25,-6.505561351776123,1.526780605316162,-1.0599664449691772,0.7161260843276978,-1.295143485069275,1.107662558555603
7.3,-9.412965774536133,1.7542681694030762,-3.7125704288482666,1.5932130813598633,-0.6053933501243591,0.8890320658683777
7.35,-9.010809898376465,0.6515790820121765,-5.254239559173584,1.7579336166381836,-1.04562246799469,0.18818825483322144
7.4,-4.793858528137207,-2.120288372039795,-8.060754776000977,1.1145942211151123,-1.8277419805526733,-0.5433961153030396
7.45,-0.08150434494018555,-2.9509670734405518,-10.56173038482666,1.053505539894104,-3.0484044551849365,-1.418260097503662
7.5,3.814178466796875,-0.9320856332778931,-7.730325698852539,1.6591237783432007,-4.579091548919678,-1.5173522233963013
7.55,2.6600403785705566,-0.2742016017436981,-1.814247488975525,1.7317097187042236,-4.951858997344971,-0.6155323386192322
7.6,4.694026470184326,1.3826490640640259,-6.4766058921813965,0.47317296266555786,-3.7343010902404785,-0.1288132518529892
7.65,3.581789970397949,2.9051883220672607,-6.127834796905518,-1.4710581302642822,-1.9356319904327393,-1.645573616027832
7.7,-2.1012423038482666,0.6909448504447937,0.9304682016372681,-2.4635844230651855,-0.043945081532001495,-2.7799081802368164
7.75,-2.1611132621765137,0.7893078923225403,2.6986851692199707,-2.1255548000335693,0.7918510437011719,-2.2177867889404297
7.8,-1.398604154586792,1.6326850652694702,2.1301212310791016,-1.1520224809646606,0.43152013421058655,-1.2864714860916138
7.85,-0.8046339750289917,0.8657771944999695,0.9275171160697937,-0.14005927741527557,0.08353213965892792,-0.4997642934322357
7.9,-0.08667141199111938,0.35836508870124817,-0.3354021906852722,0.27854621410369873,0.01719716191291809,-0.12365387380123138
7.95,-0.03589542210102081,0.2048673778772354,-0.2980366051197052,0.07106109708547592,-0.10119373351335526,-0.11187589168548584
8.0,0.020362548530101776,0.2766895592212677,-0.17551295459270477,-0.10154971480369568,-0.20170927047729492,-0.1083160936832428
8.05,-0.2391219288110733,0.274046927690506,-0.21490027010440826,-0.08170273900032043,-0.18629541993141174,-0.07768310606479645
8.1,-0.4365870952606201,0.22126202285289764,0.07610425353050232,-0.0337667316198349,-0.16025613248348236,-0.013263475149869919
8.15,-0.36026665568351746,0.23163990676403046,0.1091098040342331,0.027746452018618584,-0.13462181389331818,0.02514372579753399
8.2,-0.2332097738981247,0.28330329060554504,-0.04738057777285576,-0.03112577646970749,-0.12299701571464539,0.034565865993499756
8.25,-0.14830149710178375,0.2958355247974396,-0.04607966169714928,-0.1502191126346588,-0.15005159378051758,0.020192472264170647
8.3,-0.1293984055519104,0.2518501579761505,-0.01214497908949852,-0.2709348201751709,-0.1964239627122879,-0.014577348716557026
8.35,-0.18671384453773499,0.217743918299675,0.08500845730304718,-0.4006326198577881,-0.20471549034118652,-0.0633063018321991
8.4,-0.16185517609119415,0.29142287373542786,0.13812999427318573,-0.48847058415412903,-0.136254221200943,-0.08421707898378372
8.45,-0.41492751240730286,0.25883394479751587,0.21523405611515045,-0.5052078366279602,-0.08885081112384796,-0.031215166673064232
8.5,-0.486543744802475,0.44395649433135986,0.5958980321884155,-0.44494014978408813,-0.16403131186962128,0.06274088472127914
8.55,-0.3989942669868469,0.9838802814483643,1.732276201248169,-0.3954828083515167,-0.7009996771812439,0.2167285829782486
8.6,-0.7679147720336914,1.1839478015899658,1.1252374649047852,-0.22694283723831177,-1.5451804399490356,0.7631943225860596
8.65,-1.0974879264831543,0.5592461824417114,-0.06050875410437584,0.36521244049072266,-1.3090955018997192,1.4742835760116577
8.7,-2.105133056640625,-0.5290918350219727,0.11970844864845276,0.9129570126533508,-0.6280874013900757,1.4665976762771606
8.75,-0.6551556587219238,-0.7311269044876099,-1.7124254703521729,1.2149666547775269,-0.46116894483566284,0.4140572249889374
8.8,5.352809906005859,-0.466479629278183,-1.107140064239502,1.1903133392333984,-0.05023443326354027,-0.05205649510025978
8.85,4.051570415496826,-0.16604730486869812,-0.8290053606033325,0.7420995831489563,0.16595812141895294,0.08290673047304153
8.9,0.06195509433746338,0.44483187794685364,-0.6120172739028931,0.3926427364349365,0.08059867471456528,0.016774078831076622
8.95,-0.31954652070999146,0.42642125487327576,0.09381090104579926,0.35077303647994995,0.04000861942768097,0.07478770613670349
9.0,-0.269586443901062,0.15216828882694244,-0.24989420175552368,0.3151758313179016,0.040778059512376785,0.20767103135585785
9.05,-0.21214669942855835,0.10732843726873398,-0.05738771706819534,0.16883480548858643,0.061325427144765854,0.20282046496868134
9.1,-0.16401582956314087,0.16349129378795624,0.3941343426704407,-0.0068704672157764435,-0.059768009930849075,0.11786099523305893
9.15,-0.3604627847671509,0.19981390237808228,0.32335391640663147,-0.14724719524383545,-0.16559015214443207,0.06288214772939682
9.2,-0.5838949680328369,0.3223286271095276,0.1417045146226883,-0.12574228644371033,-0.0987464040517807,0.07370307296514511
9.25,-0.459608793258667,0.3952380120754242,0.3490486443042755,-0.09303978830575943,-0.0828530341386795,0.11120311170816422
9.3,-0.4178534746170044,0.3550625443458557,0.48163124918937683,-0.05409995838999748,-0.1294345110654831,0.17103156447410583
9.35,-0.2903343737125397,0.29769617319107056,0.34632205963134766,-0.008502237498760223,-0.17642755806446075,0.24791710078716278
9.4,-0.11029709875583649,0.11869147419929504,0.3125108480453491,0.004488766193389893,-0.19752144813537598,0.28709936141967773
9.45,0.011658579111099243,0.12172796577215195,0.11807937175035477,-0.01825282722711563,-0.1937844157218933,0.24911339581012726
9.5,0.09675267338752747,0.18247699737548828,-0.19171948730945587,-0.07408742606639862,-0.07070749253034592,0.14382945001125336
9.55,-0.020931608974933624,0.24788573384284973,0.12746365368366241,-0.22122403979301453,-0.010699138045310974,-0.006212771404534578
9.6,-0.0013824626803398132,0.29202941060066223,0.07810541242361069,-0.35881638526916504,-0.1249077245593071,-0.12520122528076172
9.65,-0.31127217411994934,0.36646753549575806,0.454093873500824,-0.37467947602272034,-0.1606488674879074,-0.17871783673763275
9.7,-0.8730533719062805,0.6296321153640747,0.7540616393089294,-0.1785724014043808,-0.07120352238416672,-0.07818073034286499
9.75,-0.6267489194869995,0.423494428396225,0.13211947679519653,-0.058293331414461136,-0.1629161536693573,0.14419451355934143
9.8,-0.3526783585548401,0.07926847040653229,-0.16098332405090332,-0.14323720335960388,-0.279039204120636,0.25368425250053406
9.85,-0.1300588697195053,0.06196024268865585,0.20002971589565277,-0.21834152936935425,-0.24783647060394287,0.2201841026544571
9.9,-0.27122750878334045,0.10178475081920624,0.3436909019947052,-0.21968725323677063,-0.1948956847190857,0.129476398229599
9.95,0.14644935727119446,-0.04944610968232155,0.23386913537979126,-0.27919790148735046,-0.21389691531658173,0.004362347070127726
10.0,-0.10981044918298721,0.14611151814460754,0.28540486097335815,-0.31710484623908997,-0.12696826457977295,-0.18785645067691803
10.05,-0.6537691354751587,0.4866372048854828,0.03531917929649353,-0.2902565002441406,-0.06882623583078384,-0.3002127408981323
10.1,-0.45848649740219116,0.49729830026626587,-0.2777255177497864,-0.37326884269714355,-0.21631410717964172,-0.22353322803974152
10.15,-0.23169302940368652,0.5018692016601562,-1.0962133407592773,-0.6779937744140625,-0.4718899130821228,-0.07490631937980652
10.2,0.8135377168655396,0.3284739851951599,-1.4622856378555298,-1.842529535293579,-1.3565459251403809,0.02686331607401371
10.25,3.426804780960083,1.2379064559936523,1.3332414627075195,-3.3440051078796387,-2.9923195838928223,0.35004597902297974
10.3,5.607536315917969,3.057225465774536,1.6936922073364258,-3.9852993488311768,-3.7246453762054443,1.6296684741973877
10.35,3.7147624492645264,4.9447174072265625,-2.5232837200164795,-3.9864680767059326,-2.964108467102051,3.073580026626587
10.4,0.8304095268249512,0.3185373544692993,-7.558192729949951,-3.288689613342285,-1.886564016342163,2.8076744079589844
10.45,0.25814056396484375,-4.429111480712891,-9.358980178833008,-1.8260904550552368,-1.609420895576477,2.2722716331481934
10.5,1.1861591339111328,-3.2541961669921875,-9.85302448272705,0.726300060749054,-2.0598747730255127,1.6201492547988892
10.55,1.0755267143249512,-4.4186625480651855,-6.309609889984131,4.566892623901367,-2.5031940937042236,0.9008147120475769
10.6,1.5625168085098267,-2.069716453552246,-4.115689754486084,6.269466400146484,-2.0877187252044678,1.3141974210739136
10.65,1.35184645652771,4.376434803009033,-0.22836235165596008,6.010314464569092,-2.2764174938201904,1.6944071054458618
10.7,0.21061086654663086,3.856285810470581,4.451447010040283,4.938628196716309,-2.044480562210083,1.4234626293182373
10.75,-2.343231678009033,1.520953893661499,9.151148796081543,2.1759395599365234,-1.389967441558838,1.5967745780944824
10.8,-6.925655841827393,-2.1611990928649902,10.625885963439941,0.5989884734153748,-1.6125577688217163,2.5036349296569824
10.85,-7.6056108474731445,-3.2529265880584717,7.634990215301514,0.1716463565826416,-0.8443198800086975,1.674217939376831
10.9,-4.319496154785156,-0.8555370569229126,7.050151824951172,0.17499575018882751,0.9330136179924011,-0.7225361466407776
10.95,1.9953885078430176,5.270163536071777,11.80659294128418,0.18331587314605713,1.2180625200271606,-1.5710221529006958
11.0,2.5633463859558105,6.740884780883789,4.652224063873291,1.0670949220657349,0.3529757857322693,-1.0598225593566895
11.05,-0.04828226938843727,3.283252239227295,-0.16336962580680847,0.906474232673645,-0.0311745572835207,-0.5896296501159668
11.1,6.075361251831055,0.3456219434738159,1.5535495281219482,0.09732964634895325,-0.6692468523979187,-0.07777239382266998
11.15,-12.175976753234863,-2.008586883544922,-5.201010704040527,-0.12078030407428741,-2.811455011367798,-0.2542887330055237
11.2,-13.666282653808594,-0.8873308897018433,-6.231800079345703,-0.29550814628601074,-1.7102566957473755,-0.39115843176841736
11.25,-1.383886694908142,0.22056491672992706,-0.17556045949459076,-0.1168174222111702,-0.23905813694000244,-0.3108864426612854
11.3,-0.5019447207450867,0.15235619246959686,0.2772238850593567,-0.03353289142251015,-0.4260178804397583,-0.1496768444776535
11.35,-0.3482592701911926,0.13720612227916718,0.4348454773426056,-0.08787935972213745,-0.24959145486354828,0.01653458923101425
11.4,-0.75551438331604,0.0014581849100068212,-0.26545217633247375,-0.29299280047416687,0.007568745408207178,0.1066972017288208
11.45,-0.1566692739725113,0.21515469253063202,0.15158841013908386,-0.7998369932174683,0.5174810886383057,0.4212642014026642
11.5,0.11076867580413818,0.46967992186546326,0.5389239192008972,-0.7258168458938599,0.6348094940185547,0.39460495114326477
11.55,-0.30719703435897827,0.3332367539405823,0.24020348489284515,-0.3967980742454529,0.3289536237716675,0.18073268234729767
11.6,-0.018397070467472076,0.3482570946216583,0.2023649662733078,-0.3262176513671875,0.14622525870800018,0.12338998168706894
11.65,0.08918251097202301,0.8343364000320435,0.109065480530262,-0.2652437090873718,-0.13023214042186737,-0.11172880232334137
11.7,0.26938605308532715,0.7775269746780396,0.07319062948226929,-0.2668921947479248,-0.47660329937934875,-0.2863245904445648
11.75,0.2208152562379837,0.21260836720466614,0.10887043178081512,-0.3317989110946655,-0.5187581777572632,-0.3137965202331543
11.8,-0.012746796011924744,0.1019306406378746,0.18462349474430084,-0.447266161441803,-0.09029259532690048,-0.3135715126991272
11.85,-0.3021397888660431,-0.12361811101436615,0.35114654898643494,-0.49547818303108215,0.41492629051208496,-0.29384714365005493
11.9,-0.12680453062057495,-0.1999530792236328,0.571007251739502,-0.7224398851394653,1.2616455554962158,-0.07354490458965302
11.95,-0.6427764892578125,0.1259804219007492,-0.048278503119945526,-0.5956155061721802,1.8634852170944214,0.11739859730005264
12.0,-1.0392670631408691,0.07439521700143814,-0.27400046586990356,-0.21138541400432587,1.4351425170898438,0.2417958378791809
12.05,-0.15052631497383118,0.3288698196411133,-0.5865437984466553,-0.06562361121177673,0.763236939907074,0.3847334086894989
12.1,-0.35320845246315,0.6666622757911682,-0.9277746081352234,-0.1578269898891449,0.37971803545951843,0.3403681814670563
12.15,-0.8359578847885132,0.9879752397537231,-0.917983889579773,-0.3232894539833069,0.579621434211731,0.587319016456604
12.2,-1.6292864084243774,1.1759358644485474,-1.8149503469467163,-1.0622985363006592,1.0890170335769653,0.8230695128440857
12.25,-3.769597053527832,0.20185668766498566,-2.1784920692443848,-2.8968374729156494,1.6563738584518433,1.575934648513794
12.3,-4.407486915588379,6.08314323425293,-7.037130832672119,-5.622666358947754,2.9077727794647217,4.0975022315979
12.35,-6.94557523727417,2.886326551437378,-15.197755813598633,-6.311652660369873,3.293890953063965,4.534673690795898
12.4,5.062126636505127,2.181133508682251,-17.33539581298828,-4.199004650115967,2.0367512702941895,1.0694631338119507
12.45,6.589953899383545,2.839703321456909,-7.048563003540039,-1.2918264865875244,0.1440214365720749,-0.5609039664268494
12.5,1.3406338691711426,1.6670297384262085,2.964355707168579,0.3898562788963318,-0.706747829914093,-0.6944082379341125
12.55,2.2950077056884766,0.5195170044898987,2.5145087242126465,1.0972504615783691,-1.0429233312606812,-1.0971975326538086
12.6,1.6304782629013062,0.5309296250343323,1.7900396585464478,1.4745471477508545,-1.0908740758895874,-1.2213472127914429
12.65,-1.0638493299484253,0.8793861865997314,1.435409426689148,1.8479034900665283,-0.5338332056999207,-1.2256640195846558
12.7,-1.6638154983520508,0.2976161539554596,1.0224227905273438,2.374662399291992,0.1670423150062561,-1.2550309896469116
12.75,-2.349059820175171,1.1435445547103882,3.249474048614502,2.633640766143799,0.7527046203613281,-1.747056484222412
12.8,-1.693971872329712,2.7532308101654053,6.8403401374816895,3.1255342960357666,1.4017449617385864,-2.2917027473449707
12.85,1.111964225769043,1.1203255653381348,9.855301856994629,2.7047996520996094,2.1545870304107666,-3.1346750259399414
12.9,4.544016361236572,-2.22381591796875,8.296889305114746,1.303968071937561,3.7261722087860107,-3.6171634197235107
12.95,5.648575305938721,-5.285279750823975,5.643003940582275,0.38013529777526855,5.189497470855713,-2.818760633468628
13.0,7.563271522521973,-5.295563697814941,3.916346311569214,0.32931411266326904,5.085421085357666,-1.527704119682312
13.05,8.74231243133545,-3.434992790222168,-3.2561163902282715,0.4586631655693054,4.586404323577881,-0.4381735920906067
13.1,4.455381393432617,11.29405689239502,-23.522212982177734,0.4896354675292969,2.9493496417999268,-0.27530086040496826
13.15,34.18166732788086,21.801681518554688,-12.256874084472656,-0.6330129504203796,0.6543290615081787,-1.4522813558578491
13.2,27.4039249420166,9.775115013122559,3.0465941429138184,-0.7654713988304138,-0.1319248080253601,-0.725409984588623
13.25,2.1066055297851562,0.8355408310890198,0.8446291089057922,0.13182850182056427,0.061154671013355255,0.31634271144866943
13.3,0.023227602243423462,0.3024960160255432,0.8057432174682617,0.15164519846439362,0.11635613441467285,0.3272668421268463
13.35,-0.02193335071206093,0.1557312160730362,-0.042579397559165955,0.1371183842420578,0.1639590561389923,0.3232276439666748
13.4,0.17916737496852875,0.1612243354320526,-0.7006153464317322,0.20740315318107605,0.20753856003284454,0.3988538980484009
13.45,0.3519466519355774,0.3226461410522461,-0.1543658822774887,0.029100283980369568,0.1874839961528778,0.4346156716346741
13.5,0.5718636512756348,0.3566026985645294,0.31452736258506775,-0.1331149935722351,0.20902225375175476,0.5059661269187927
13.55,0.7152457237243652,0.19963933527469635,0.29916101694107056,-0.0005245804786682129,0.2720935642719269,0.4824253022670746
13.6,0.36332035064697266,0.09681607037782669,0.21235910058021545,0.022028684616088867,0.2814389169216156,0.3244548738002777
13.65,0.6143028736114502,0.33809375762939453,0.17074565589427948,-0.026146426796913147,0.4336661100387573,0.2976602613925934
13.7,0.20014585554599762,0.4060259461402893,0.026681991294026375,0.20983411371707916,0.6955682635307312,0.2320982664823532
13.75,-0.20664799213409424,0.552241325378418,-1.1005676984786987,0.4868318736553192,0.8887498378753662,0.19848330318927765
13.8,-0.474971741437912,0.20259669423103333,-0.3979418873786926,0.6468719244003296,1.227819800376892,0.2476748526096344
13.85,-0.15914028882980347,-0.372742623090744,0.9738368988037109,0.7308316826820374,1.4847278594970703,0.25173190236091614
13.9,0.25950807332992554,-0.20358948409557343,-0.07274184376001358,0.7151323556900024,1.6412039995193481,0.18168523907661438
13.95,-0.12583452463150024,0.11615367233753204,-1.3339052200317383,0.6406668424606323,2.3679349422454834,0.16003461182117462
14.0,-0.523478627204895,0.2139444351196289,-1.1300954818725586,0.5816740393638611,3.3651437759399414,0.2605145275592804
14.05,0.1579153835773468,0.46174055337905884,0.26251062750816345,0.5820283889770508,3.9412450790405273,0.2980889081954956
14.1,1.5322540998458862,0.09611321985721588,1.2546908855438232,0.4818660616874695,3.2697653770446777,0.11456163227558136
14.15,0.997279942035675,0.15935614705085754,1.2142421007156372,0.1260354071855545,1.7582144737243652,-0.16100198030471802
14.2,0.3624653220176697,0.7608100771903992,1.3659316301345825,0.17605043947696686,0.6943102478981018,-0.23010151088237762
14.25,0.904841959476471,0.6095362901687622,1.4364999532699585,0.826711893081665,0.7432465553283691,-0.3979567885398865
14.3,2.098048210144043,0.15737248957157135,1.8344300985336304,1.460442066192627,1.023333191871643,-0.7526082396507263
14.35,5.1445441246032715,-1.662960410118103,2.459007501602173,2.2902626991271973,0.7983487248420715,-1.540126919746399
14.4,4.914782524108887,-1.6787923574447632,1.4711134433746338,3.806536912918091,0.9480904936790466,-2.7862560749053955
14.45,3.3177103996276855,1.3664838075637817,4.037116050720215,5.107468128204346,2.1570382118225098,-3.3708274364471436
14.5,1.34608793258667,1.1005597114562988,9.769378662109375,5.116650581359863,2.816481590270996,-0.5825739502906799
14.55,2.170060634613037,-0.010362341068685055,8.041651725769043,2.631362199783325,0.7010015249252319,0.7174183130264282
14.6,3.5839600563049316,0.9331762194633484,3.8848724365234375,0.13510461151599884,-0.7145523428916931,0.6002176403999329
14.65,2.2894797325134277,5.046008586883545,6.2642598152160645,-1.7199257612228394,-1.2758933305740356,1.1408309936523438
14.7,-4.546411037445068,7.779812335968018,6.192132472991943,-4.6130452156066895,-1.5343631505966187,2.0726280212402344
14.75,-3.4825198650360107,-0.8419808149337769,2.8011536598205566,-5.7213616371154785,-1.9192849397659302,3.300161838531494
14.8,-3.484712600708008,-2.1881017684936523,3.639904022216797,-4.7183685302734375,-0.9736313223838806,4.209759712219238
14.85,-8.922101974487305,0.8760207891464233,-2.7678587436676025,-4.024660110473633,-1.7468081712722778,2.559144973754883
14.9,-11.514936447143555,-1.7290617227554321,-16.147703170776367,-2.4434664249420166,-3.8550519943237305,1.3498668670654297
14.95,-2.3032913208007812,-8.383828163146973,-22.098115921020508,0.04455775022506714,-5.64221715927124,0.3072339594364166
15.0,-6.067441463470459,-16.274581909179688,6.1512675285339355,1.1095073223114014,-4.403738498687744,-0.09976442903280258
15.05,-6.427928924560547,-6.795464515686035,11.82343578338623,-0.7220908999443054,-1.1339235305786133,-0.7961022853851318
15.1,-2.902376651763916,1.0552245378494263,-1.7503153085708618,-1.3657255172729492,0.2145167589187622,-1.3043169975280762
15.15,-2.441208600997925,0.02687840908765793,-0.9989379048347473,-1.4691798686981201,0.21397912502288818,-0.07938621938228607
15.2,0.7401960492134094,0.36360082030296326,2.0381762981414795,-1.0656929016113281,0.05846939980983734,0.5491811633110046
15.25,-0.051218144595623016,0.2834015190601349,-0.002815801417455077,0.04238298535346985,-0.05397317558526993,0.016425766050815582
15.3,-0.19361522793769836,0.1473846137523651,-1.065232515335083,0.28492364287376404,-0.03276122733950615,-0.07959120720624924
15.35,0.23638153076171875,0.27396202087402344,-0.5639333724975586,0.17373618483543396,-0.05047227814793587,0.03919577598571777
15.4,0.04874560236930847,0.28102588653564453,-0.7511416673660278,0.2020118236541748,-0.08635623753070831,-0.022793924435973167
15.45,-0.3983793258666992,0.14044758677482605,-1.2065329551696777,0.158378005027771,-0.13708122074604034,-0.047662440687417984
15.5,-0.08621811866760254,0.3080701529979706,-1.0625287294387817,-0.07134322822093964,-0.22791431844234467,0.10873144865036011
15.55,0.0036222338676452637,0.49698734283447266,-1.3175287246704102,-0.19155123829841614,-0.34576475620269775,0.13743799924850464
15.6,-0.9536112546920776,0.4672193229198456,-2.756096363067627,-0.2204093337059021,-0.5698409676551819,0.028351832181215286
15.65,1.5304787158966064,0.1771857589483261,-4.42716646194458,-0.16988089680671692,-3.2854175567626953,-0.019300447776913643
15.7,3.838832139968872,0.2832210958003998,-0.8081707954406738,-0.20112058520317078,-6.194535732269287,-0.05301959440112114
15.75,1.3728680610656738,-0.7555991411209106,1.4559447765350342,-0.2573888301849365,-6.303967475891113,0.05869174376130104
15.8,3.1646389961242676,1.0794228315353394,-2.8036272525787354,-0.9735141396522522,-3.6784744262695312,0.14132483303546906
15.85,2.4649393558502197,1.7794561386108398,-2.95548677444458,-1.2895169258117676,-0.977973997592926,-0.1844710111618042
15.9,0.42898014187812805,1.3045234680175781,-1.410781741142273,-1.4890429973602295,-0.17978467047214508,-0.08551723510026932
15.95,-0.6111751794815063,1.482121467590332,-2.3508315086364746,-1.83877694606781,0.15807293355464935,0.37140989303588867
16.0,-0.69541335105896,2.5078468322753906,-5.120576858520508,-2.363123655319214,0.5413592457771301,1.1061314344406128
16.05,1.1382570266723633,-0.6270233988761902,-11.747060775756836,-3.055455446243286,-1.6760631799697876,2.217095136642456
16.1,-5.27132511138916,-3.5782060623168945,-12.335626602172852,-1.0082160234451294,-3.806903600692749,2.5432863235473633
16.15,-8.40929126739502,-3.2657573223114014,-11.892637252807617,2.4857585430145264,-2.249969005584717,0.7577378153800964
16.2,0.6016159057617188,0.3413854241371155,-8.962128639221191,3.7588584423065186,-0.5384641885757446,-0.43292251229286194
16.25,6.265104293823242,5.534831523895264,0.3531399667263031,2.3881144523620605,0.056273140013217926,0.00796831026673317
16.3,6.549566268920898,4.2352094650268555,12.121821403503418,1.5962731838226318,-1.1586014032363892,1.9502500295639038
16.35,2.238956928253174,-2.1096291542053223,15.464679718017578,1.365295171737671,-1.9426281452178955,1.7785533666610718
16.4,1.4691898822784424,-4.344778537750244,8.204422950744629,0.2465331107378006,-1.4157861471176147,0.19137507677078247
16.45,0.7286419868469238,-3.340306520462036,4.921886444091797,-0.5347360968589783,-1.4551664590835571,-0.2027493715286255
16.5,-0.6640918254852295,-1.192208170890808,3.8552420139312744,-0.2654402554035187,-0.9484026432037354,-0.16986708343029022
16.55,1.9171298742294312,1.0481693744659424,4.971391201019287,0.528188943862915,0.19665999710559845,0.36149436235427856
16.6,-1.4352387189865112,2.173490047454834,4.693110466003418,1.6245629787445068,0.25002819299697876,-0.5270541906356812
16.65,-2.9994115829467773,2.175255298614502,2.332772970199585,1.4583258628845215,0.056490812450647354,-1.4949690103530884
16.7,-1.3029420375823975,0.7892200350761414,0.8429182171821594,0.318017840385437,-0.0016948874108493328,-0.8581618070602417
16.75,0.4222162663936615,0.24536798894405365,-0.5041282773017883,0.025195159018039703,-0.033200476318597794,0.005503307096660137
16.8,0.15399996936321259,0.15691374242305756,-0.4895871877670288,0.013436062261462212,-0.06996291130781174,0.0003977474116254598
16.85,-0.2954155206680298,0.1622810661792755,0.002604822162538767,-0.11318862438201904,0.04785200580954552,0.11382104456424713
16.9,0.24144697189331055,0.3958893418312073,0.01572933979332447,-0.14834089577198029,0.11965364217758179,0.4059225022792816
16.95,-0.01637759804725647,0.44352251291275024,0.015112579800188541,-0.15113909542560577,0.01954418420791626,0.2323295921087265
17.0,0.08442870527505875,0.37389758229255676,-0.1756853461265564,-0.13857588171958923,-0.022549014538526535,0.022402925416827202
17.05,0.08700328320264816,0.3196249306201935,-0.12900064885616302,-0.15861757099628448,-0.0143761420622468,-0.10703099519014359
17.1,-0.163427472114563,0.18215180933475494,-0.053188424557447433,-0.1479760706424713,0.0007574529154226184,-0.18934448063373566
17.15,-0.12855172157287598,0.22553923726081848,-0.12114668637514114,-0.14766469597816467,-0.01989479921758175,-0.20028038322925568
17.2,-0.08045954257249832,0.15307044982910156,-0.31481659412384033,-0.17604754865169525,-0.012325414456427097,-0.11756180971860886
17.25,0.20444174110889435,0.2685813903808594,-0.23167312145233154,-0.28557106852531433,0.11278991401195526,0.12192341685295105
17.3,0.11911042779684067,0.40647608041763306,0.06776605546474457,-0.3159096837043762,0.15856017172336578,0.1761176735162735
17.35,0.08105840533971786,0.386482298374176,-0.11801104992628098,-0.24308881163597107,0.21402613818645477,0.19255580008029938
17.4,0.16004589200019836,0.33196067810058594,-0.22269153594970703,-0.23901356756687164,0.25828731060028076,0.16084760427474976
17.45,-0.038267530500888824,0.4153204560279846,-0.24246153235435486,-0.3050915002822876,0.15179012715816498,0.051681093871593475
17.5,-0.7743479609489441,0.6479931473731995,-0.3357788622379303,-0.34301629662513733,0.02561989426612854,0.1296861469745636
17.55,-0.6810609698295593,0.7321825623512268,-0.39432764053344727,-0.42078977823257446,-0.18378548324108124,0.45845404267311096
17.6,-0.5752710103988647,0.42159566283226013,-0.053164128214120865,-0.7866095304489136,-0.46345338225364685,0.7828457951545715
17.65,-0.28161609172821045,0.430724173784256,-0.723236083984375,-0.9743355512619019,-0.5071964263916016,1.1566905975341797
17.7,0.603297770023346,0.15926265716552734,0.11890798062086105,-0.8609825372695923,-0.29951250553131104,1.315719485282898
17.75,0.6186961531639099,0.22004035115242004,0.4451249837875366,-0.5453243255615234,0.0157223641872406,1.112608551979065
17.8,0.20152030885219574,0.23928262293338776,-0.010031276382505894,-0.38667288422584534,0.03909555822610855,0.8059441447257996
17.85,-0.0727141797542572,0.37364864349365234,-0.6218684911727905,-0.4084618389606476,-0.1412862241268158,0.6056545972824097
17.9,-0.3046966791152954,0.339354544878006,-0.15067633986473083,-0.5437222123146057,-0.028315996751189232,0.603074312210083
17.95,0.43793946504592896,0.2703075408935547,-0.1626610904932022,-0.5052691698074341,-0.0911976546049118,0.6844440698623657
18.0,0.3664219081401825,-0.13322928547859192,-0.09257238358259201,-0.42339232563972473,0.12428409606218338,0.48174816370010376
18.05,0.06626613438129425,0.05599689111113548,-0.15034498274326324,-0.2920873761177063,0.1436980813741684,0.18557684123516083
18.1,0.1019110232591629,0.07161044329404831,-0.2880805730819702,-0.21792013943195343,-0.09819970279932022,-0.06233315169811249
18.15,-0.45700639486312866,-0.3100423812866211,0.2367648482322693,-0.20306599140167236,-0.1331452876329422,-0.3091570734977722
18.2,-0.08400040119886398,0.04370880499482155,-0.06595809012651443,-0.09542582929134369,-0.13135462999343872,-0.3726050555706024
18.25,0.10505321621894836,0.4108867943286896,-0.7818964123725891,-0.04828543961048126,-0.20632697641849518,-0.49417269229888916
18.3,-0.42489874362945557,0.519622802734375,-1.029937505722046,-0.22308453917503357,-0.11202549934387207,-0.5234594941139221
18.35,-0.6249624490737915,0.5338554978370667,-0.7801489233970642,-0.49395665526390076,-0.10911207646131516,-0.285771906375885
18.4,-0.6293917298316956,0.23960880935192108,-0.27958881855010986,-0.6470743417739868,-0.19204357266426086,0.04049794748425484
18.45,-0.40824204683303833,0.152042418718338,-0.03174813836812973,-0.667393684387207,-0.17341731488704681,0.31240519881248474
18.5,0.23997455835342407,0.35761356353759766,-0.37187260389328003,-0.5823116302490234,-0.05629661679267883,0.4887453019618988
18.55,0.12035167962312698,0.2703542709350586,-0.2559259235858917,-0.45805788040161133,0.07799792289733887,0.608597993850708
18.6,-0.08682523667812347,0.07470609247684479,0.03487200289964676,-0.371018648147583,0.06251353025436401,0.5786221027374268
18.65,0.26133468747138977,0.2625389099121094,-0.36623069643974304,-0.33530542254447937,0.04757136479020119,0.4395888149738312
18.7,0.397817462682724,0.3872547447681427,-0.5521450042724609,-0.3167141079902649,0.1261974722146988,0.2661128044128418
18.75,-0.003836601972579956,0.1739797741174698,0.05350397527217865,-0.24273711442947388,0.2236131876707077,0.14044219255447388
18.8,-0.0997663289308548,0.2066851109266281,0.12398707866668701,-0.09660092741250992,0.3135591745376587,0.15617619454860687
18.85,-0.12640759348869324,0.23771384358406067,0.002957026707008481,0.06767265498638153,0.448216050863266,0.20628827810287476
18.9,-0.08018231391906738,0.13459397852420807,-0.01207855623215437,0.21403905749320984,0.707359254360199,0.22907620668411255
18.95,-0.32810959219932556,0.034527797251939774,0.08355541527271271,0.3535158038139343,0.877869188785553,0.23250986635684967
19.0,0.4336205720901489,0.1407470554113388,-0.1300160139799118,0.4297090470790863,0.8772039413452148,0.23986002802848816
19.05,0.7455154061317444,0.27193352580070496,-0.6561474800109863,0.4821985363960266,0.7382706999778748,0.09894375503063202
19.1,0.016024302691221237,0.08538055419921875,-0.09885246306657791,0.4205155372619629,0.42213955521583557,-0.21179506182670593
19.15,-0.09411653876304626,0.14217758178710938,-0.24216468632221222,0.37811094522476196,-0.03561808168888092,-0.45368894934654236
19.2,-0.30642545223236084,0.43505480885505676,-0.8587630391120911,0.2596549987792969,-0.3389555513858795,-0.6053642630577087
19.25,-0.5921415090560913,0.5029430985450745,-0.7248077988624573,0.03300014138221741,-0.39202645421028137,-0.5833571553230286
19.3,-0.21740782260894775,0.7674418091773987,-1.5159251689910889,-0.18626926839351654,-0.39500322937965393,-0.34476038813591003
19.35,1.2667765617370605,0.765379011631012,-0.688558042049408,-0.5507327914237976,-0.24260668456554413,-0.1754487305879593
19.4,-3.8197507858276367,0.3691491484642029,-5.44356107711792,-0.12737643718719482,-0.10167545825242996,-0.9472396373748779
19.45,-3.5695841312408447,1.637314796447754,-8.06721305847168,1.4090021848678589,1.594145655632019,-2.8140270709991455
19.5,1.8549531698226929,2.222184181213379,-3.2804293632507324,2.125145196914673,2.280663251876831,-2.5253705978393555
19.55,10.186899185180664,-1.4163450002670288,4.033015251159668,2.2910327911376953,1.9423877000808716,-0.5920881032943726
19.6,14.629493713378906,-4.587416648864746,9.08378791809082,2.0029296875,0.7388185858726501,-0.1788475066423416
19.65,10.921630859375,1.631821870803833,8.696186065673828,1.4469150304794312,-0.39721351861953735,-0.426217645406723
19.7,-6.69556999206543,-5.835151672363281,2.779839038848877,0.9208411574363708,-0.3964844346046448,0.510381817817688
19.75,-29.914201736450195,-4.730235576629639,-3.467646837234497,-0.8879546523094177,-0.8381404876708984,2.124351978302002
19.8,-21.61064338684082,-4.603290557861328,-11.383045196533203,-1.0813301801681519,-1.1889146566390991,-0.25047922134399414
19.85,-4.149901390075684,-3.2052927017211914,-5.288483619689941,-0.17775636911392212,-0.6963276267051697,-1.8030097484588623
19.9,-0.24880081415176392,0.7164888978004456,0.11295188963413239,-0.08336925506591797,-0.08389456570148468,-1.282184362411499
19.95,-0.3206521272659302,0.34875112771987915,0.20183804631233215,-0.1407279074192047,-0.039107516407966614,-1.0463166236877441
20.0,-0.4893501400947571,0.4216080605983734,0.27776649594306946,-0.12038189172744751,-0.1583489179611206,-1.0442099571228027
20.05,-0.8768296241760254,0.7353201508522034,-0.15021134912967682,-0.17250016331672668,-0.12881237268447876,-0.7553306818008423
20.1,-0.35341984033584595,0.8209964036941528,-0.6382755637168884,-0.2834112346172333,-0.00737369991838932,-0.0974990651011467
20.15,-0.20047533512115479,0.7652064561843872,-0.1761944741010666,-0.432220458984375,0.4298349916934967,0.3325202763080597
20.2,-0.36347633600234985,0.37210750579833984,-1.1905200481414795,-0.3076387643814087,1.1010512113571167,0.8382932543754578
20.25,-2.653988838195801,1.5239346027374268,-2.352344512939453,-1.0831122398376465,1.8816442489624023,1.848334550857544
20.3,-5.579707622528076,1.6205837726593018,-4.878621578216553,-2.556298017501831,1.9173758029937744,3.6254398822784424
20.35,-17.684236526489258,-6.214529037475586,-10.320253372192383,-1.2872732877731323,2.3448235988616943,1.452199935913086
20.4,-18.481172561645508,-0.5341430306434631,-5.175989627838135,1.01071298122406,3.114109516143799,-4.178764343261719
20.45,2.7143194675445557,1.0114012956619263,1.9722191095352173,2.3770699501037598,1.6681190729141235,-4.211985111236572
20.5,23.727781295776367,1.5329654216766357,9.26998519897461,1.0819302797317505,-1.2477537393569946,1.273337483406067
20.55,18.932140350341797,1.7868624925613403,14.203299522399902,-0.6519622802734375,-1.2034441232681274,2.5677788257598877
20.6,5.24459981918335,-0.3261231780052185,6.361724376678467,-0.47969168424606323,-0.23688526451587677,0.9224094152450562
20.65,0.9721931219100952,0.23791979253292084,-0.2738094627857208,-0.05044059455394745,-0.2782416343688965,0.3195582330226898
20.7,0.640693187713623,0.09356117993593216,0.49852079153060913,0.010231664404273033,-0.24883756041526794,-0.03553461283445358
20.75,-0.28570204973220825,0.47024545073509216,0.23457372188568115,0.2337072193622589,0.06615305691957474,-0.24800512194633484
20.8,-0.6508586406707764,0.44076260924339294,-0.19561146199703217,0.32442405819892883,0.3375304937362671,-0.1463991403579712
20.85,-0.3791855573654175,0.2465534806251526,0.23584182560443878,0.23283961415290833,0.33641865849494934,-0.04329065605998039
20.9,-0.0422070175409317,0.1323433220386505,0.17261607944965363,0.2145971804857254,0.3010069727897644,0.04699772968888283
20.95,-0.10261279344558716,0.18712332844734192,0.15643027424812317,0.19167466461658478,0.2814062535762787,0.06577791273593903
21.0,-0.10355467349290848,0.1970253437757492,0.11229374259710312,0.15668392181396484,0.2125685065984726,0.032464973628520966
21.05,-0.37001943588256836,0.37757307291030884,-0.24873656034469604,0.11736579239368439,0.16782452166080475,0.011137369088828564
21.1,-0.7193672060966492,0.39094457030296326,0.1670912802219391,0.016773410141468048,0.13260561227798462,0.12765933573246002
21.15,-0.7525187730789185,0.21015843749046326,0.6404478549957275,-0.00782439112663269,0.046377263963222504,0.3775123953819275
21.2,-0.3583099842071533,0.3019285500049591,-0.02459525689482689,0.07879483699798584,0.03605560585856438,0.6231178045272827
21.25,0.21810847520828247,0.17810630798339844,-0.15288619697093964,0.027277201414108276,0.03812938556075096,0.6777526140213013
21.3,0.44844865798950195,0.05015755072236061,0.26716348528862,-0.00508531928062439,0.12230042368173599,0.5102972388267517
21.35,0.29814812541007996,-0.04519938677549362,0.4865308403968811,0.148739755153656,0.4216616451740265,0.29271775484085083
21.4,-0.021194934844970703,0.1041584461927414,0.6676932573318481,0.3264082968235016,0.6431366801261902,0.09123890101909637
21.45,-0.34165123105049133,0.2797155976295471,0.28204864263534546,0.4537656307220459,0.7766457200050354,0.032509803771972656
21.5,-0.3695496618747711,0.21810822188854218,0.02927371673285961,0.37312886118888855,0.5025259852409363,0.04429757595062256
21.55,-0.5974491238594055,0.21172815561294556,0.22650480270385742,0.16821342706680298,0.12137329578399658,0.05198182165622711
21.6,-0.3694804310798645,0.2038756012916565,0.20845727622509003,0.053398407995700836,-0.06903916597366333,0.12571357190608978
21.65,-0.18962885439395905,0.36999037861824036,-0.24036632478237152,0.045117586851119995,-0.05875633656978607,0.23442193865776062
21.7,0.03792520612478256,0.365569144487381,-0.25311803817749023,-0.011296883225440979,-0.009391779080033302,0.30569878220558167
21.75,-0.16847842931747437,0.32089999318122864,0.08268830925226212,-0.08356869965791702,-0.06233449652791023,0.28864848613739014
21.8,-0.1667567491531372,0.25385287404060364,0.03891396522521973,-0.10775507241487503,-0.1151132732629776,0.3028527796268463
21.85,0.023981288075447083,0.10797693580389023,0.25284332036972046,-0.16277703642845154,-0.14910060167312622,0.2672714591026306
21.9,-0.07479419559240341,0.17275717854499817,0.3061852753162384,-0.16317220032215118,-0.18217740952968597,0.15072399377822876
21.95,-0.041207827627658844,0.22869494557380676,0.04593673720955849,-0.09616311639547348,-0.14266470074653625,0.11003091186285019
22.0,0.07681739330291748,0.1895618736743927,0.023385362699627876,-0.09836478531360626,-0.13144531846046448,0.055372245609760284
22.05,-0.36900660395622253,0.3443785309791565,0.021502545103430748,-0.08129566162824631,-0.10264725983142853,0.04338961839675903
22.1,-0.23430085182189941,0.10861685872077942,0.10003041476011276,-0.014031805098056793,-0.036202747374773026,0.10892733186483383
22.15,-0.0673283040523529,0.037706393748521805,0.2771459221839905,0.00772794708609581,-0.012040497735142708,0.08347605168819427
22.2,-0.23500508069992065,0.2616119682788849,0.11525034159421921,0.002420298755168915,0.013817504048347473,0.08203421533107758
22.25,0.006636381149291992,0.34220027923583984,-0.4063720703125,-0.00960870087146759,0.03984374180436134,0.05460474267601967
22.3,0.1294831484556198,0.3564605712890625,-0.3261306583881378,-0.08713410794734955,0.02141202613711357,-0.03478332608938217
22.35,0.07315455377101898,0.34449198842048645,-0.1702999472618103,-0.16031229496002197,0.009416169486939907,-0.09945069253444672
22.4,-0.4701244533061981,0.32391268014907837,-0.03186648711562157,-0.18296733498573303,0.031177761033177376,-0.18402093648910522
22.45,-0.31670328974723816,0.1740923374891281,0.40384218096733093,-0.09950960427522659,0.05478730797767639,-0.09353048354387283
22.5,0.6370539665222168,0.0065583824180066586,-0.27452248334884644,0.039290785789489746,0.06896086782217026,-0.06212654337286949
22.55,-0.9352483153343201,0.4716531038284302,0.3336387574672699,0.08649557828903198,0.22603562474250793,-0.09096349775791168
22.6,-0.3030124604701996,0.31383997201919556,0.31321007013320923,0.15162000060081482,-0.012125148437917233,0.23192331194877625
22.65,0.17848724126815796,0.1508789211511612,0.1636941134929657,0.14363746345043182,-0.09512030333280563,0.3629269599914551
22.7,0.3515319526195526,0.2687702178955078,-0.475952684879303,0.10669995099306107,-0.10303816199302673,0.24742260575294495
22.75,0.25165659189224243,0.2177295684814453,-0.4021543264389038,0.012329936027526855,-0.11529315263032913,0.0595925897359848
22.8,-0.01775939203798771,0.14522649347782135,-0.05243148282170296,-0.05395624414086342,-0.14656630158424377,-0.09728587418794632
22.85,-0.0629994124174118,0.23803332448005676,-0.10744643211364746,-0.13032372295856476,-0.1351471245288849,-0.15054398775100708
22.9,0.17813411355018616,0.1585855633020401,0.016553694382309914,-0.19680911302566528,-0.08741248399019241,-0.1371966451406479
22.95,0.01837874948978424,0.16220666468143463,0.09618435800075531,-0.1738443225622177,-0.003350576851516962,-0.18451561033725739
23.0,-0.021038027480244637,0.27290061116218567,0.011871504597365856,-0.09525981545448303,0.09157237410545349,-0.22848358750343323
23.05,-0.12731853127479553,0.3471279442310333,0.03446410596370697,-0.05166801065206528,0.12255659699440002,-0.22529178857803345
23.1,-0.20503981411457062,0.300322562456131,-0.008396138437092304,-0.024731740355491638,0.11045480519533157,-0.18521898984909058
23.15,-0.1806199848651886,0.2650451958179474,-0.06485646218061447,0.012124743312597275,0.08103644102811813,-0.11674956977367401
23.2,-0.19258266687393188,0.1658211052417755,0.046679262071847916,0.039078179746866226,0.10072487592697144,-0.04252050817012787
23.25,-0.1064034253358841,0.2155018299818039,0.08396092802286148,0.04501134902238846,0.05447836592793465,-0.03923061862587929
23.3,0.04412171244621277,0.2563619911670685,-0.04342672601342201,0.033967025578022,0.014270883053541183,-0.025710005313158035
23.35,0.18085241317749023,0.2586507797241211,-0.2393825501203537,0.018926125019788742,-0.021786978468298912,0.0018088208744302392
23.4,0.04946349933743477,0.211002379655838,0.05462993308901787,-0.015046363696455956,-0.008810152299702168,-0.03410075604915619
23.45,0.09605821222066879,0.16247941553592682,0.08643405884504318,-0.01990334317088127,-0.06729390472173691,-0.07155252993106842
23.5,0.045750945806503296,0.2308540642261505,0.010284983552992344,-0.012802358716726303,-0.13268566131591797,-0.07851747423410416
23.55,-0.03335888683795929,0.3928127884864807,-0.10294539481401443,-0.017125645652413368,-0.1427726149559021,-0.04407517984509468
23.6,-0.12980100512504578,0.317783385515213,-0.09395313262939453,-0.028835520148277283,-0.08683368563652039,0.030699942260980606
23.65,0.24471652507781982,0.15221786499023438,-0.08408058434724808,-0.04159459471702576,-0.043450117111206055,0.05580008029937744
23.7,0.5503346920013428,0.11826799809932709,-0.14141541719436646,-0.050165753811597824,0.0022662512492388487,-0.03203561529517174
23.75,0.493010014295578,0.11608504503965378,-0.09635085612535477,-0.05823833495378494,0.004546549171209335,-0.18104344606399536
23.8,0.08461667597293854,0.11532402783632278,-0.05348678305745125,-0.07271283864974976,-0.013585669919848442,-0.30721697211265564
23.85,0.18377473950386047,0.07122230529785156,0.005105432588607073,-0.07405059039592743,-0.023990217596292496,-0.34035035967826843
23.9,-0.07740036398172379,0.18067647516727448,0.04124607518315315,-0.006807699799537659,0.029352709650993347,-0.3287617564201355
23.95,-0.18548086285591125,0.30112841725349426,-0.0050198775716125965,0.08417607098817825,0.07274777442216873,-0.2727183997631073
24.0,0.08874302357435226,0.21479228138923645,-0.05131807550787926,0.07886596024036407,0.042080625891685486,-0.23075738549232483
24.05,-0.1392395943403244,0.16890814900398254,0.16229605674743652,0.035843804478645325,0.04314340651035309,-0.21351978182792664
24.1,-0.21835173666477203,0.24646763503551483,0.12197544425725937,0.0502212792634964,0.0005747919203713536,-0.15979693830013275
24.15,0.06598195433616638,0.14735795557498932,0.003019248601049185,0.021799154579639435,-0.11623987555503845,-0.1304948329925537
24.2,0.08751539885997772,0.2603502571582794,-0.015018398873507977,-0.00237930566072464,-0.10898537933826447,-0.09833818674087524
24.25,0.05083093047142029,0.346709281206131,0.01199360378086567,-0.033152103424072266,-0.12991559505462646,-0.009749063290655613
24.3,0.20324881374835968,0.15804387629032135,0.06109942868351936,-0.1018269807100296,-0.228814959526062,0.06072886660695076
24.35,0.1146942526102066,0.19670680165290833,-0.02154480665922165,-0.09779274463653564,-0.171395942568779,0.04784277826547623
24.4,0.03364325314760208,0.27026084065437317,-0.06841061264276505,-0.039947085082530975,-0.06127500534057617,0.044199373573064804
24.45,-0.13722923398017883,0.3413420021533966,-0.4355795681476593,-0.03416889160871506,-0.040566202253103256,0.08873692154884338
24.5,0.07180589437484741,0.31612685322761536,-0.23442216217517853,-0.1592056155204773,-0.09424920380115509,0.15692086517810822
24.55,0.3188552260398865,0.16136646270751953,-0.03401251509785652,-0.29824450612068176,-0.18642082810401917,0.17591141164302826
24.6,0.03860083967447281,0.21218779683113098,0.18310000002384186,-0.34507906436920166,-0.2302304059267044,0.12378112226724625
24.65,-0.5730531215667725,0.5251570343971252,-0.13961860537528992,-0.28867509961128235,-0.21891140937805176,0.09539007395505905
24.7,0.022196359932422638,0.2902717888355255,-0.20607204735279083,-0.2595618963241577,-0.258864164352417,0.06718018651008606
24.75,0.6579453945159912,0.0806274339556694,0.2712770700454712,-0.12153646349906921,-0.16583330929279327,-0.07695702463388443
24.8,0.8290061950683594,0.17328737676143646,0.11899290233850479,0.051061369478702545,-0.055405039340257645,-0.24245232343673706
24.85,-0.10737651586532593,0.35231688618659973,-0.4087461233139038,0.11494040489196777,0.041671592742204666,-0.3917960524559021
24.9,-0.2912340760231018,0.182407408952713,-0.024811971932649612,0.12621310353279114,0.10774683207273483,-0.3960615396499634
24.95,0.0005583614110946655,0.15785983204841614,0.48359382152557373,0.11229085177183151,0.03547528758645058,-0.36219969391822815
25.0,0.4902521073818207,-0.01341914851218462,0.5206995606422424,0.12571263313293457,-0.021924179047346115,-0.2799753248691559
25.05,0.22824586927890778,0.15319348871707916,0.1867772340774536,0.16225048899650574,-0.012212945148348808,-0.2717704474925995
25.1,0.037966854870319366,0.24004937708377838,-0.23281174898147583,0.12691180408000946,-0.06436983495950699,-0.2078229933977127
25.15,-0.16293790936470032,0.20822148025035858,0.02845517359673977,0.05182329937815666,-0.13478070497512817,-0.1291579008102417
25.2,-0.13604684174060822,0.289920836687088,-0.014765494503080845,0.10450199991464615,-0.10281757265329361,-0.03520055115222931
25.25,0.23354986310005188,0.2219267040491104,-0.11242793500423431,0.08844754099845886,-0.0977173000574112,0.011546524241566658
25.3,0.31072187423706055,0.3637409210205078,-0.12556277215480804,0.002884962595999241,-0.11759502440690994,0.011769786477088928
25.35,0.24597769975662231,0.32125186920166016,-0.14417938888072968,-0.025250613689422607,-0.13509628176689148,0.017088258638978004
25.4,0.14714017510414124,0.22933675348758698,-0.04660850763320923,0.0013374648988246918,-0.10466885566711426,-0.05582140386104584
25.45,0.07895569503307343,0.3102159798145294,-0.007337756454944611,0.04083307459950447,-0.05731172859668732,-0.12420861423015594
25.5,0.12171316146850586,0.26424315571784973,-0.019588176161050797,0.06291501969099045,-0.019110143184661865,-0.13548524677753448
25.55,-0.010221250355243683,0.28828147053718567,0.02689807489514351,0.07201239466667175,0.030498996376991272,-0.12289301306009293
25.6,0.035196609795093536,0.25830748677253723,-0.06090395152568817,0.06416438519954681,0.036145973950624466,-0.06381578743457794
25.65,-0.014589406549930573,0.3434496223926544,-0.08411657065153122,0.026816539466381073,0.04123001545667648,-0.051289696246385574
25.7,0.019636118784546852,0.3148508369922638,-0.0235095527023077,0.006723487749695778,0.0317552387714386,-0.06101584807038307
25.75,0.05593516677618027,0.2899065315723419,-0.07610543072223663,0.03880175203084946,0.058472368866205215,-0.0865231305360794
25.8,0.15758301317691803,0.24441052973270416,-0.06354635953903198,0.054701343178749084,0.10645652562379837,-0.0988926962018013
25.85,0.19965605437755585,0.21432019770145416,-0.0313463993370533,0.04184139519929886,0.12429887801408768,-0.11162599921226501
25.9,0.0046872422099113464,0.2606220543384552,0.11869148910045624,0.01674550771713257,0.12105865031480789,-0.12172948569059372
25.95,-0.039512377232313156,0.24768641591072083,0.12811005115509033,0.03517294302582741,0.12831749022006989,-0.09980246424674988
26.0,0.08302318304777145,0.24828055500984192,0.04801022261381149,0.0501854307949543,0.08973696827888489,-0.06535542011260986
26.05,0.016945790499448776,0.3055935204029083,0.11070992052555084,0.06091795861721039,0.06796584278345108,-0.0413992777466774
26.1,0.025848831981420517,0.26522353291511536,0.08655548095703125,0.06668070703744888,0.044093117117881775,-0.019563494250178337
26.15,0.0924571081995964,0.2900715172290802,0.045870378613471985,0.07279998064041138,0.040674783289432526,-0.0225723534822464
26.2,0.10483910888433456,0.31193068623542786,0.06662262976169586,0.09745509922504425,0.06287766993045807,-0.03266670182347298
26.25,0.09312049299478531,0.28518202900886536,-0.014524655416607857,0.12528887391090393,0.0867270678281784,-0.029296474531292915
26.3,0.10696873068809509,0.2268982231616974,-0.009711445309221745,0.10368848592042923,0.09338413923978806,-0.036642368882894516
26.35,0.004659395664930344,0.22211936116218567,0.09172160178422928,0.09227614104747772,0.11137349903583527,-0.03936868533492088
26.4,-0.06320381164550781,0.28787901997566223,0.06126229465007782,0.09910504519939423,0.08491674065589905,-0.011147971265017986
26.45,0.03516273945569992,0.2589769661426544,0.006447909865528345,0.07311897724866867,0.03840256854891777,0.012253573164343834
26.5,0.10465345531702042,0.19319060444831848,0.03030243143439293,0.02991277351975441,0.03610849380493164,0.009192724712193012
26.55,0.1407548189163208,0.16709613800048828,-0.1021956205368042,0.01707756519317627,0.0419478565454483,-0.0012810103362426162
26.6,0.18425485491752625,0.42242342233657837,0.048047985881567,0.020608820021152496,0.06994747370481491,-0.01776166819036007
26.65,0.1095590591430664,0.33431628346443176,0.17753204703330994,0.01878471113741398,0.05875695124268532,-0.020681407302618027
26.7,0.014839060604572296,0.19878295063972473,0.08868527412414551,0.028876766562461853,0.04207521304488182,-0.013193941675126553
26.75,0.07895355671644211,0.2673015892505646,-0.08471717685461044,0.017190199345350266,0.016643451526761055,-0.004661227576434612
26.8,0.037834398448467255,0.2984066307544708,-0.05447178706526756,-0.007925084792077541,-0.005441199988126755,0.0030188316013664007
26.85,-0.15048500895500183,0.0682230219244957,0.19994445145130157,0.00020500848768278956,-0.009772616438567638,0.000511419028043747
26.9,-0.03640788421034813,0.09135056287050247,-0.01743377186357975,0.018011566251516342,-0.01717252843081951,0.004107682500034571
26.95,0.02819174900650978,0.2967682182788849,-0.12080615758895874,-0.00698038749396801,-0.02117772214114666,-0.0027739324141293764
27.0,0.03296229615807533,0.28861144185066223,0.07592521607875824,-0.0378621369600296,-0.03181911259889603,-0.005390060134232044
27.05,0.06435319781303406,0.25785163044929504,0.018304074183106422,-0.027429647743701935,-0.036484118551015854,-0.005173517856746912
27.1,0.11160723865032196,0.23484137654304504,0.02267671748995781,-0.00986709538847208,-0.006658740807324648,-0.03404384106397629
27.15,0.024420198053121567,0.300144225358963,-0.012354169972240925,0.007613262161612511,0.028258448466658592,-0.07079645246267319
27.2,0.11709585785865784,0.30637267231941223,-0.05885063856840134,0.004010409116744995,0.02291356399655342,-0.10104666650295258
27.25,0.18844804167747498,0.1676473617553711,-0.06637486070394516,-0.013883780688047409,0.022903354838490486,-0.12946680188179016
27.3,0.09433825314044952,0.2012214958667755,0.1397688239812851,-0.004107378423213959,0.015121037140488625,-0.1365734338760376
27.35,0.1390814483165741,0.310977965593338,-0.06217339634895325,0.03636092692613602,-0.007042031269520521,-0.0972122848033905
27.4,0.07775494456291199,0.26156333088874817,-0.051022276282310486,0.023339448496699333,0.03823941573500633,-0.07631389796733856
27.45,-0.1082393229007721,0.32476237416267395,0.013874989934265614,0.0009171515703201294,0.05353739485144615,-0.08069069683551788
27.5,-0.03733213245868683,0.3078136742115021,-0.013925410807132721,0.0038480833172798157,0.008963430300354958,-0.062167972326278687
27.55,0.09386049211025238,0.27497485280036926,-0.012224176898598671,-0.008225386962294579,-0.009077436290681362,-0.042401500046253204
27.6,0.01923445612192154,0.39048677682876587,-0.03170911595225334,-0.023676056414842606,0.005437185987830162,-0.0648232251405716
27.65,-0.018612030893564224,0.35385802388191223,0.0377604141831398,-0.0310051329433918,0.013692372478544712,-0.06265102326869965
27.7,0.07067177444696426,0.2755565941333771,0.024790329858660698,-0.033414602279663086,0.006863344926387072,-0.03983897715806961
27.75,0.17526119947433472,0.31768134236335754,-0.06739143282175064,-0.023227429017424583,0.01912018097937107,-0.044336289167404175
27.8,0.0518091544508934,0.2692766487598419,0.08268356323242188,-0.007531680166721344,0.05341441184282303,-0.06387057900428772
27.85,0.04775324463844299,0.347441703081131,0.3223169147968292,0.023347750306129456,0.05565983057022095,-0.09141577780246735
27.9,0.07138442993164062,0.34647276997566223,0.17177073657512665,0.0511014424264431,0.0306418314576149,-0.09440632909536362
27.95,0.03724448382854462,0.3432321846485138,-0.026125827804207802,0.05123345926403999,0.015034187585115433,-0.08169117569923401
28.0,0.04919713735580444,0.31050780415534973,-0.022698450833559036,0.04802043363451958,0.01420319639146328,-0.07421758770942688
28.05,0.025040533393621445,0.25846388936042786,0.13416309654712677,0.05397570878267288,0.02836347557604313,-0.08451171964406967
28.1,0.4033442735671997,0.4732714295387268,0.1727895736694336,0.07881976664066315,0.04735095053911209,-0.08642173558473587
28.15,0.27462512254714966,0.3566122353076935,0.0991058349609375,0.08966290950775146,0.051817890256643295,-0.07035734504461288
28.2,-0.01249721646308899,0.32492735981941223,0.10445695370435715,0.06145384535193443,0.004171723034232855,-0.08623746782541275
28.25,-0.16585895419120789,0.28055766224861145,0.026391664519906044,0.055260226130485535,-0.048534147441387177,-0.06241283938288689
28.3,-0.11327214539051056,0.31878092885017395,0.08684844523668289,0.06754003465175629,-0.03933437913656235,-0.025226682424545288
28.35,-0.06152765825390816,0.3138323128223419,0.07885291427373886,0.04832339286804199,-0.0008209577645175159,-0.01170395314693451
28.4,-0.0020453669130802155,0.1965494453907013,-0.06977999210357666,-0.0008224588818848133,-0.009468618780374527,0.005892567802220583
28.45,0.13814440369606018,0.22724439203739166,-0.09948907792568207,-0.03211655095219612,-0.03798314183950424,0.01451968401670456
28.5,0.1693013459444046,0.31812766194343567,-0.08742400258779526,-0.02453545480966568,-0.014774490147829056,0.019711188971996307
28.55,0.3409213423728943,0.36705875396728516,-0.059544436633586884,-0.03227400779724121,-0.05253120884299278,-0.03940310701727867
28.6,0.1281435638666153,0.29923346638679504,0.1723635047674179,-0.11034158617258072,-0.22733831405639648,-0.14934492111206055
28.65,-0.1494709998369217,0.3066416084766388,-0.09451723098754883,-0.1431962251663208,-0.3723089396953583,-0.14132751524448395
28.7,-0.048601068556308746,0.16927243769168854,-0.06532251089811325,-0.1714160442352295,-0.3585539758205414,-0.04725072532892227
28.75,0.09844884276390076,0.23543263971805573,-0.33847424387931824,-0.12157772481441498,-0.19604796171188354,-0.014925413765013218
28.8,0.004784438759088516,0.3028288185596466,-0.06238342076539993,-0.06449830532073975,0.0009018488926813006,0.001475585624575615
28.85,0.09870286285877228,0.13009360432624817,0.32102930545806885,0.013834509067237377,0.04157371446490288,0.03168361261487007
28.9,0.205844908952713,0.021449090912938118,0.18506304919719696,0.14264841377735138,0.05101824551820755,0.030261505395174026
28.95,0.17840230464935303,0.2311697155237198,-0.25404179096221924,0.203749880194664,0.11955098062753677,-0.013340957462787628
29.0,0.0059880539774894714,0.3485546410083771,-0.07076648622751236,0.12069673836231232,0.0826013907790184,-0.05028600990772247
29.05,-0.013660876080393791,0.27025797963142395,0.071549192070961,0.04935675114393234,0.02617165632545948,-0.02665557526051998
29.1,0.08896145224571228,0.24071601033210754,0.009851760230958462,0.018112678080797195,0.03048672340810299,-0.01492614671587944
29.15,0.06490518897771835,0.2863006889820099,-0.06573066115379333,-0.004775543697178364,0.036003414541482925,-0.01486287172883749
29.2,-0.00847034901380539,0.34276488423347473,-0.08879116922616959,-0.018908148631453514,0.051749005913734436,0.008597354404628277
29.25,0.008269205689430237,0.31626608967781067,-0.051526494324207306,-0.04707171022891998,0.07017878443002701,0.02010878548026085
29.3,0.07250165939331055,0.22637465596199036,-0.03676100820302963,-0.06561818718910217,0.0946870893239975,0.02335817925632
29.35,0.08173215389251709,0.18632985651493073,0.09193015843629837,-0.07904350757598877,0.07144004106521606,0.012031239457428455
29.4,0.016904562711715698,0.2652311623096466,0.055609434843063354,-0.04327449947595596,0.02524298056960106,-0.01784529909491539
29.45,0.04508525878190994,0.2739267647266388,0.05584242194890976,-0.0005337335169315338,0.017551908269524574,-0.04613175243139267
29.5,0.04622223600745201,0.2318134605884552,-0.047943051904439926,0.004782294854521751,-0.011297313496470451,-0.05816620588302612
29.55,0.02804962545633316,0.24611952900886536,-0.00031350855715572834,-0.008412131108343601,-0.028224347159266472,-0.03529126197099686
29.6,0.011537585407495499,0.2035551369190216,0.09902125597000122,-0.027688544243574142,-0.01267035398632288,-0.008316177874803543
29.65,0.05126197636127472,0.18348409235477448,0.031308118253946304,-0.034732453525066376,-0.014185696840286255,-0.019109569489955902
29.7,0.13296616077423096,0.2035532295703888,-0.02031944878399372,-0.03386455029249191,-0.010931933298707008,-0.043443240225315094
29.75,0.039323288947343826,0.2879839241504669,-0.08496993780136108,-0.042271699756383896,0.01691909320652485,-0.05085131898522377
29.8,-0.007587511092424393,0.2592802345752716,0.0411527119576931,-0.052379459142684937,0.057987235486507416,-0.03344098478555679
29.85,0.025492526590824127,0.2168579399585724,0.14841391146183014,-0.04458253085613251,0.08262950927019119,-0.010122145526111126
29.9,0.08163139224052429,0.22001364827156067,0.07260306179523468,-0.028498567640781403,0.0817156434059143,-0.01850276067852974
29.95,0.03635329753160477,0.2675628960132599,0.004530164413154125,-0.029771866276860237,0.07156337052583694,-0.039711035788059235
30.0,0.05973462760448456,0.2833423912525177,-0.06042345240712166,-0.052910782396793365,0.03479515388607979,-0.019359804689884186
30.05,0.10254581272602081,0.23531821370124817,-0.05493834242224693,-0.0730786845088005,0.014588815160095692,-0.0044234683737158775
30.1,0.17375929653644562,0.16337299346923828,-0.17489643394947052,-0.06680329144001007,0.060187049210071564,-0.02004457451403141
30.15,0.03928762301802635,0.2027597725391388,0.012590000405907631,-0.04506244882941246,0.12788735330104828,-0.0457291416823864
30.2,-0.04853222519159317,0.25632384419441223,0.21901561319828033,0.013812449760735035,0.1710832715034485,-0.043211497366428375
30.25,0.03175951540470123,0.268065482378006,0.08726802468299866,0.05825179070234299,0.15990374982357025,-0.0411674939095974
30.3,0.0005937125533819199,0.272154837846756,-0.017036082223057747,0.0477786660194397,0.13829967379570007,-0.06142931431531906
30.35,-0.028126642107963562,0.30970004200935364,0.07114091515541077,0.024067474529147148,0.14019449055194855,-0.050499964505434036
30.4,0.08954867720603943,0.28550437092781067,0.05779072269797325,0.015197975561022758,0.14116308093070984,-0.01945893093943596
30.45,0.06135100498795509,0.2543478310108185,-0.075075663626194,-0.0007994566112756729,0.12951403856277466,-0.014565685763955116
30.5,-0.022028977051377296,0.27489760518074036,0.00524552958086133,-0.031915172934532166,0.10469838231801987,-0.027103260159492493
30.55,-0.06552430987358093,0.23291686177253723,0.05118541046977043,-0.017353132367134094,0.09915059804916382,-0.03870441019535065
30.6,0.02385244145989418,0.2187519371509552,-0.0010211914777755737,-0.007532771676778793,0.07977443188428879,-0.030696498230099678
30.65,0.020455049350857735,0.2678709328174591,-0.0264157522469759,-0.012757651507854462,0.08498465269804001,-0.00800700206309557
30.7,-0.046249277889728546,0.2604389488697052,-0.11332967132329941,-0.021091638132929802,0.10783880203962326,0.015538307838141918
30.75,-0.06596095114946365,0.2652464210987091,0.030718566849827766,-0.03433333709836006,0.1073630079627037,0.018393658101558685
30.8,0.040560003370046616,0.20047667622566223,-0.019682103767991066,-0.020680729299783707,0.11142785847187042,0.01359856128692627
30.85,-0.12097601592540741,0.3483591377735138,-0.0784437358379364,-0.03646121919155121,0.1353076696395874,0.025318283587694168
30.9,-0.0708870217204094,0.1756601482629776,0.040574587881565094,-0.11269775032997131,0.08289755135774612,0.11718899011611938
30.95,-0.17749083042144775,0.3818407654762268,0.13698360323905945,-0.18963780999183655,-0.05338433012366295,0.21383319795131683
31.0,-0.09179755300283432,0.20023825764656067,-0.03182358667254448,-0.20245303213596344,-0.10777726769447327,0.348459929227829
31.05,-0.29785358905792236,0.2799701988697052,0.017761873081326485,-0.1915944516658783,-0.12814974784851074,0.3933904469013214
31.1,-0.15406952798366547,0.36728957295417786,-0.05531766265630722,-0.16580434143543243,-0.18475453555583954,0.4624693989753723
31.15,-0.07107408344745636,0.3794432282447815,-0.11213190108537674,-0.15606020390987396,-0.20446418225765228,0.5081167817115784
31.2,-0.07452889531850815,0.2769213020801544,-0.06347629427909851,-0.1817978173494339,-0.23795007169246674,0.5218765139579773
31.25,-0.07349466532468796,0.23972798883914948,-0.26939186453819275,-0.21225565671920776,-0.30562323331832886,0.5194798707962036
31.3,0.06841139495372772,0.2082519829273224,-0.016569899395108223,-0.2494676262140274,-0.34224945306777954,0.4652193784713745
31.35,-0.05683823674917221,0.2147694081068039,0.16798487305641174,-0.18619437515735626,-0.24008625745773315,0.39713943004608154
31.4,-0.12631188333034515,0.18198874592781067,0.14942847192287445,-0.08128055930137634,-0.12417522072792053,0.3794306218624115
31.45,-0.03319366276264191,0.18395711481571198,0.006110913120210171,0.010618254542350769,-0.10515650361776352,0.3733287751674652
31.5,-0.038378722965717316,0.23560908436775208,-0.09501088410615921,0.03938549757003784,-0.13797001540660858,0.32369858026504517
31.55,-0.0764123871922493,0.28147414326667786,-0.08465021103620529,0.05473921447992325,-0.13173063099384308,0.2775781750679016
31.6,0.052905820310115814,0.17752647399902344,-0.14732272922992706,0.056415967643260956,-0.13792671263217926,0.27265071868896484
31.65,-0.08437234163284302,0.19068244099617004,0.020234353840351105,0.06732116639614105,-0.11871965229511261,0.23043040931224823
31.7,-0.3125149607658386,0.3188372254371643,0.10257160663604736,0.12368820607662201,-0.08780626952648163,0.22185009717941284
31.75,0.26110613346099854,0.1379842758178711,-0.12710483372211456,0.17125815153121948,-0.12090573459863663,0.23785804212093353
31.8,0.20473358035087585,0.2335996776819229,-0.309701532125473,0.20702935755252838,-0.03094714879989624,0.10048723220825195
31.85,-0.2714701294898987,0.35970786213874817,-0.09547687321901321,0.18529948592185974,0.05163046717643738,-0.006684903521090746
31.9,-0.01044134795665741,0.26334574818611145,-0.1731691062450409,0.15714117884635925,-0.007099985145032406,0.004430077504366636
31.95,0.1490863412618637,0.2310667186975479,-0.14756330847740173,0.15370213985443115,0.08615254610776901,-0.0385952964425087
32.0,-0.1235281452536583,0.2631273567676544,0.08569499105215073,0.17144662141799927,0.21959181129932404,-0.11543607711791992
32.05,-0.21376268565654755,0.24854186177253723,-0.05208935588598251,0.2418135404586792,0.23115219175815582,-0.12090886384248734
32.1,-0.05692967027425766,0.21794703602790833,0.06010523810982704,0.2909429371356964,0.23336859047412872,-0.10275714099407196
32.15,0.02899176999926567,0.21197989583015442,-0.06176981329917908,0.3119599521160126,0.24343544244766235,-0.11704947799444199
32.2,0.06638498604297638,0.2373991161584854,-0.27259477972984314,0.2682156264781952,0.1718142330646515,-0.11878426373004913
32.25,0.01464230939745903,0.18282796442508698,-0.07980846613645554,0.18418242037296295,0.13788017630577087,-0.15813027322292328
32.3,0.056640464812517166,0.33658984303474426,0.023432301357388496,0.1121605932712555,0.09313745051622391,-0.2271336317062378
32.35,-0.1008584275841713,0.4234839081764221,0.23653161525726318,0.012021288275718689,0.043784741312265396,-0.2640889883041382
32.4,-0.23200008273124695,0.44926175475120544,0.1672379970550537,0.02918032556772232,0.16020648181438446,-0.23853455483913422
32.45,-0.12540525197982788,0.09387686103582382,0.035592176020145416,0.0720720887184143,0.24816128611564636,-0.14050635695457458
32.5,0.1468910425901413,-0.2618131935596466,0.2644622325897217,0.08312404900789261,0.3166317045688629,-0.07645590603351593
32.55,-1.149095892906189,0.4406672716140747,0.21967488527297974,0.17962858080863953,0.3374737501144409,0.00427467143163085
32.6,-2.453202724456787,0.6796323657035828,1.196960210800171,0.23452328145503998,0.21033534407615662,0.6649452447891235
32.65,1.5387232303619385,-0.48598015308380127,-0.07827708125114441,0.3459014296531677,-0.1963658183813095,1.288948655128479
32.7,2.2433345317840576,-0.06401176005601883,-1.9787019491195679,0.05893886089324951,-0.11466366052627563,0.5643736124038696
32.75,-0.4646654427051544,0.8420583009719849,-0.9817895293235779,-0.5573461055755615,0.412689208984375,-0.14920003712177277
32.8,-0.7215699553489685,0.6577263474464417,-0.12980546057224274,-0.8638572096824646,0.27967166900634766,-0.03516031801700592
32.85,0.2069777399301529,-0.007679957430809736,-0.2022537887096405,-1.0281709432601929,-0.4747694134712219,0.03994372487068176
32.9,0.4974740743637085,0.04738708212971687,-0.6218029856681824,-1.1191411018371582,-0.9417964220046997,-0.15335574746131897
32.95,-0.8686841726303101,-0.11098087579011917,1.998087763786316,-1.194413185119629,-1.0160151720046997,-0.2202458381652832
33.0,-0.20430678129196167,-0.17311564087867737,2.021414041519165,-1.0887842178344727,-0.9599695205688477,-0.0024628019891679287
33.05,-0.043845146894454956,-0.02124210260808468,0.8709014654159546,-0.7994298934936523,-0.939535915851593,0.04829267039895058
33.1,-0.4309222102165222,0.23788170516490936,0.12834660708904266,-0.45388534665107727,-0.7527211904525757,0.104341521859169
33.15,-0.038970306515693665,0.07587816566228867,0.2798224091529846,-0.22764326632022858,-0.5552976727485657,0.2345302700996399
33.2,-0.07214903831481934,0.18517783284187317,0.36356210708618164,0.03136984258890152,-0.34592506289482117,0.2468537837266922
33.25,0.028688594698905945,0.2741527855396271,-0.12204651534557343,0.24081139266490936,-0.17109937965869904,0.26148056983947754
33.3,0.5500327944755554,0.22727394104003906,-0.25696468353271484,0.35300225019454956,-0.01148440595716238,0.1755518615245819
33.35,-0.17449313402175903,0.12496474385261536,0.24794544279575348,0.3658425807952881,0.0927969366312027,-0.18838566541671753
33.4,-0.2639445662498474,0.27056315541267395,0.07840510457754135,0.414465993642807,0.2773960530757904,-0.264707088470459
33.45,0.26202142238616943,0.4016399681568146,-0.5889282822608948,0.505268394947052,0.5183096528053284,-0.13219277560710907
33.5,-0.8225035667419434,0.13396942615509033,1.4970791339874268,0.6951709985733032,0.9175562262535095,-0.0541648305952549
33.55,0.10462355613708496,-0.15805630385875702,-0.6363824605941772,1.0813875198364258,1.2074545621871948,0.08172665536403656
33.6,0.48984548449516296,-0.13304051756858826,-1.2407981157302856,0.9436820149421692,0.7099551558494568,-0.028969841077923775
33.65,-0.15039420127868652,0.4125804901123047,-1.3175560235977173,0.6061521768569946,0.25289443135261536,-0.1137973815202713
33.7,-0.7746521234512329,0.6984091401100159,-0.026682216674089432,0.19202208518981934,0.03223106637597084,0.11919093132019043
33.75,-0.2524673044681549,0.1342974305152893,0.6490585803985596,0.07483470439910889,-0.15681034326553345,0.42338499426841736
33.8,0.8059797286987305,0.1134042739868164,0.35792621970176697,0.2435852736234665,0.02647537551820278,0.4022211730480194
33.85,0.8313008546829224,0.1591758280992508,-0.5081430077552795,0.3387795090675354,0.2693053185939789,-0.03626289963722229
33.9,-0.06438775360584259,0.3135185241699219,-0.5425148010253906,0.23366409540176392,0.4690983295440674,-0.458935409784317
33.95,-0.32376813888549805,0.3992987275123596,-0.20485129952430725,0.06189221143722534,0.35525035858154297,-0.5411261916160583
34.0,-0.06001615524291992,0.44233420491218567,-0.6458388566970825,-0.18374556303024292,0.16950242221355438,-0.41857048869132996
34.05,-0.10020720958709717,0.45458701252937317,-0.8953037261962891,-0.5225637555122375,0.1664186269044876,-0.273747980594635
34.1,-0.23297829926013947,0.4836921989917755,-0.5908097624778748,-0.8717021346092224,-0.06097952648997307,-0.19524922966957092
34.15,0.05917385220527649,0.5296964645385742,-0.8387195467948914,-1.1941914558410645,-0.49296629428863525,-0.10844281315803528
34.2,-0.3763669729232788,0.5111322999000549,-0.3279474079608917,-1.4947452545166016,-0.8765909075737,-0.036435358226299286
34.25,-0.13597452640533447,-0.1265525370836258,1.2205923795700073,-1.6899240016937256,-1.3679112195968628,0.0732710137963295
34.3,0.5563531517982483,-0.3379850387573242,1.2149275541305542,-1.4142916202545166,-1.2371392250061035,0.10746537148952484
34.35,0.1377185583114624,0.03218658268451691,1.6841480731964111,-0.6991226673126221,-0.6364341974258423,0.06553783267736435
34.4,-0.8852719068527222,0.44390788674354553,0.9025305509567261,0.16558793187141418,-0.16587747633457184,0.2518662214279175
34.45,-0.12932169437408447,0.20335964858531952,0.300691694021225,0.5654337406158447,-0.15830713510513306,0.6206167936325073
34.5,0.7783154249191284,0.04836461320519447,-0.09001800417900085,0.6681483387947083,0.08573580533266068,0.5200996398925781
34.55,0.12975871562957764,0.5008583664894104,-0.3928031325340271,0.6733092069625854,0.5185855627059937,0.1223476231098175
34.6,0.23558364808559418,0.29750633239746094,-0.2778645157814026,0.49824920296669006,0.5467760562896729,-0.2126908004283905
34.65,-0.01581641286611557,0.15248584747314453,-0.1911248117685318,0.2896401584148407,0.366496205329895,-0.46098414063453674
34.7,-0.4657571315765381,0.35427385568618774,0.06311910599470139,0.3383116126060486,0.35560017824172974,-0.3735019266605377
34.75,-0.27575087547302246,0.3008327782154083,-0.06822793185710907,0.5687142610549927,0.628772497177124,-0.10964591056108475
34.8,-0.30927208065986633,0.23994353413581848,-0.12071861326694489,0.7034608125686646,0.9272588491439819,0.011399145238101482
34.85,-0.5876443386077881,0.3143835663795471,0.11402993649244308,0.6041322350502014,0.597667396068573,0.08171337097883224
34.9,-0.03309766948223114,0.21336843073368073,-0.437002956867218,0.4903983175754547,0.23981545865535736,0.11365433037281036
34.95,1.1363368034362793,0.06106466054916382,-0.5491474866867065,0.25088539719581604,-0.07219061255455017,0.020145181566476822
35.0,0.5385760068893433,0.39429569244384766,-0.6659627556800842,0.2613707184791565,0.1741819977760315,-0.01096488256007433
35.05,-0.18896178901195526,0.5263338685035706,-0.06957662105560303,0.14370521903038025,0.26142263412475586,0.03974509611725807
35.1,0.4891138970851898,0.14183330535888672,0.012994849123060703,0.1504514068365097,0.2273428589105606,0.19995084404945374
35.15,0.3101522922515869,0.29749393463134766,-0.25741323828697205,0.2287474125623703,0.3251441717147827,0.1848350614309311
35.2,0.348447322845459,0.2788868248462677,-0.023811010643839836,0.1252674013376236,0.17017564177513123,0.060960378497838974
35.25,0.28278255462646484,0.11707878857851028,0.14156435430049896,0.1783324033021927,0.17242610454559326,-0.051158320158720016
35.3,0.2722911536693573,0.21913054585456848,0.07871849089860916,0.2373746633529663,0.30603209137916565,-0.10851164907217026
35.35,0.09084474295377731,0.2556200325489044,0.039604656398296356,0.1691850870847702,0.3010724186897278,-0.16114939749240875
35.4,0.05353408306837082,0.17333129048347473,0.27205508947372437,0.12507084012031555,0.30759182572364807,-0.12634716928005219
35.45,0.15493983030319214,0.2954120934009552,-0.13672582805156708,0.04876783862709999,0.16108660399913788,-0.08961602300405502
35.5,-0.05918312072753906,0.3435268700122833,-0.035726308822631836,-0.062373217195272446,0.08393622934818268,-0.09012793749570847
35.55,-0.21256886422634125,0.3783465027809143,0.05321613699197769,-0.15353278815746307,0.019725685939192772,-0.06260643154382706
35.6,-0.006947159767150879,0.4785442650318146,-0.4570518434047699,-0.36403322219848633,-0.24054187536239624,-0.05382312834262848
35.65,-0.09343650937080383,0.5440416932106018,-0.3521588146686554,-0.6654230356216431,-0.4048079550266266,-0.02317645587027073
35.7,0.011378556489944458,0.5163069367408752,-0.5843866467475891,-0.9672313332557678,-0.6379607915878296,0.02783801406621933
35.75,-0.14194990694522858,0.41000181436538696,-0.19606254994869232,-1.2021121978759766,-0.9530219435691833,0.056207600980997086
35.8,0.17836526036262512,0.25142765045166016,-0.420171320438385,-1.2809373140335083,-1.1675101518630981,0.10407637804746628
35.85,0.43450087308883667,-0.0520639643073082,0.007477906066924334,-1.2738416194915771,-1.2316280603408813,0.11856071650981903
35.9,0.6644421815872192,-0.14237691462039948,0.631928563117981,-1.085245132446289,-0.9385417103767395,0.04326552525162697
35.95,-0.08500891923904419,-0.07302089035511017,1.009332299232483,-0.7306060791015625,-0.4788914620876312,-0.04541337490081787
36.0,-0.14103427529335022,0.06890780478715897,1.154407024383545,-0.2864502966403961,-0.19193197786808014,0.0046286615543067455
36.05,0.17705747485160828,0.061069536954164505,1.0394599437713623,0.1331111341714859,-0.035936664789915085,0.08780325204133987
36.1,0.4810968041419983,0.2698030471801758,-0.03767780959606171,0.4177379012107849,0.01836961880326271,0.07882016897201538
36.15,0.9425196647644043,0.03604501485824585,-0.6188983917236328,0.5358617305755615,0.14627020061016083,0.00597018888220191
36.2,0.09730207920074463,0.1617308408021927,1.3928754329681396,0.6927744150161743,0.35881307721138,-0.10783860832452774
36.25,-0.012666404247283936,0.23430733382701874,0.3799469769001007,0.8692684769630432,0.48882588744163513,-0.13789847493171692
36.3,-0.2659664452075958,0.48485663533210754,-0.801567554473877,0.7981274127960205,0.4976557493209839,-0.2038458287715912
36.35,0.19272267818450928,0.3933563530445099,-0.733322024345398,0.5691883563995361,0.36941424012184143,-0.16309323906898499
36.4,0.0461089089512825,0.4394722580909729,-0.2847403883934021,0.3556981682777405,0.24902595579624176,-0.12960216403007507
36.45,0.17808520793914795,0.2407532036304474,0.031010381877422333,0.2547920346260071,0.3484342098236084,0.006779661867767572
36.5,-0.07663455605506897,0.1691627949476242,0.7437717318534851,0.4846872389316559,1.0894120931625366,0.28283822536468506
36.55,0.03943328559398651,0.4150276780128479,-0.19776113331317902,0.7508799433708191,1.757020354270935,0.5986788868904114
36.6,-0.6685932874679565,0.4109269380569458,0.7535775899887085,0.8562723398208618,1.9742077589035034,0.9994670152664185
36.65,2.026264190673828,0.08344835042953491,0.20458966493606567,0.8628754615783691,1.2864753007888794,0.8250221610069275
36.7,0.41985756158828735,0.8927288055419922,-1.8206322193145752,0.5053956508636475,0.29952695965766907,-0.003856208873912692
36.75,-0.6174744963645935,1.1895685195922852,-2.065667152404785,-0.20603936910629272,-0.32057052850723267,-0.20532438158988953
36.8,-0.3119754195213318,1.0141305923461914,-1.6362580060958862,-1.0311191082000732,-1.0755177736282349,0.09365402907133102
36.85,1.0903141498565674,0.2326478660106659,-0.43081948161125183,-1.6558117866516113,-1.736879825592041,0.3791196048259735
36.9,0.6778295636177063,-0.41782671213150024,0.26024457812309265,-1.9092426300048828,-2.178936243057251,0.3375336527824402
36.95,-0.2334667593240738,-0.2471199482679367,-0.3909153938293457,-1.7370585203170776,-2.210451126098633,0.1975754350423813
37.0,1.4558825492858887,-0.5201883912086487,1.4486418962478638,-1.4768242835998535,-2.0064070224761963,0.1938909888267517
37.05,0.20534199476242065,-0.2218579649925232,2.197801113128662,-0.7659311294555664,-0.969061017036438,0.054215967655181885
37.1,0.8156881332397461,-0.24384304881095886,2.115236759185791,0.1861567199230194,0.12235202640295029,-0.060797400772571564
37.15,-0.08836136013269424,0.4932757019996643,-0.10971828550100327,1.1370155811309814,1.2331876754760742,-0.2238258272409439
37.2,1.3947608470916748,-0.6078834533691406,2.6462762355804443,1.8292419910430908,2.475947141647339,-0.15894857048988342
37.25,0.22387205064296722,-0.6150942444801331,0.5086411833763123,2.5711917877197266,3.2446155548095703,-0.2579800486564636
37.3,-0.9109231233596802,0.3414469361305237,-0.027036258950829506,2.779513359069824,3.2055680751800537,-0.31160515546798706
37.35,-0.8669903874397278,0.8871212601661682,-2.5839147567749023,2.1542046070098877,2.206209897994995,-0.3704987168312073
37.4,-0.6722895503044128,0.6314458847045898,-1.3555033206939697,0.8735883831977844,1.2636064291000366,-0.14494971930980682
37.45,-0.3891918361186981,0.43978220224380493,-0.007825527340173721,-0.06240750104188919,0.1312050223350525,-0.030054431408643723
37.5,-0.011750669218599796,0.15073205530643463,0.02336210571229458,-0.35240161418914795,-0.3974321782588959,0.06975541263818741
37.55,-0.0896492674946785,0.46445566415786743,-0.3083207309246063,-0.352964848279953,-0.4247272312641144,0.10135921090841293
37.6,0.5810532569885254,0.3122558891773224,0.46461278200149536,-0.3214540481567383,-0.38078776001930237,0.12158963084220886
37.65,0.48776549100875854,0.3439435660839081,-0.7897171378135681,-0.4434542655944824,-0.6465242505073547,-0.024773800745606422
37.7,0.15264445543289185,0.2506685256958008,-0.3714420795440674,-0.812583327293396,-0.9234669208526611,-0.14650243520736694
37.75,0.4931076765060425,0.179506316781044,0.3367052674293518,-0.9542720317840576,-0.8986761569976807,-0.24700850248336792
37.8,0.035457760095596313,0.19654375314712524,0.6045690178871155,-0.7130626440048218,-0.7661833167076111,-0.3577383756637573
37.85,0.2778875231742859,0.1377592384815216,0.6923768520355225,-0.34051504731178284,-0.5238124132156372,-0.3394954204559326
37.9,0.33773255348205566,0.1039457619190216,0.6456886529922485,-0.015017643570899963,-0.17473135888576508,-0.3202052712440491
37.95,-0.2382775843143463,0.28268057107925415,0.32522088289260864,0.15163187682628632,-0.04212353378534317,-0.3041619658470154
38.0,0.07901892066001892,0.1011066734790802,0.31438809633255005,0.2649853825569153,0.09118157625198364,-0.2738525867462158
38.05,0.566900908946991,-0.011858003214001656,0.13872845470905304,0.43846607208251953,0.2966090440750122,-0.3051736652851105
38.1,0.1424671858549118,0.25110435485839844,-0.6388086080551147,0.4234287440776825,0.2967280447483063,-0.38322627544403076
38.15,-0.04802146553993225,0.31560802459716797,-0.4732353389263153,0.21006181836128235,0.24696803092956543,-0.41613277792930603
38.2,0.0010339505970478058,0.280730277299881,0.11594931781291962,0.10999158769845963,0.25141167640686035,-0.3535274565219879
38.25,-0.0913301557302475,0.3648071587085724,0.053343676030635834,0.09004019945859909,0.1270153671503067,-0.25764942169189453
38.3,-0.14433111250400543,0.39523226022720337,-0.04770147427916527,0.03237823396921158,-0.020272817462682724,-0.19052425026893616
38.35,-0.13952837884426117,0.3032532036304474,0.11358045786619186,0.01741570234298706,-0.027243945747613907,-0.11046449840068817
38.4,-0.04515218734741211,0.2898388206958771,0.020866161212325096,0.040536876767873764,-0.04881099611520767,0.03164641559123993
38.45,-0.05437268316745758,0.3336057960987091,-0.05560404807329178,-0.048529863357543945,-0.20640717446804047,0.18927377462387085
38.5,0.9469788670539856,0.3486604690551758,0.3348628580570221,-0.1983405500650406,-0.5301432609558105,0.27450278401374817
38.55,7.610628128051758,0.40198710560798645,5.644420623779297,-0.5896115303039551,-1.0933479070663452,-0.023951685056090355
38.6,2.7293453216552734,0.8547280430793762,6.036521911621094,-1.1768126487731934,-0.6502430438995361,0.2690676748752594
38.65,-9.723015785217285,-0.5497176647186279,-1.691044569015503,-0.7815842628479004,-0.2575363218784332,0.7442828416824341
38.7,-4.158138275146484,1.48163902759552,-3.548153877258301,0.9732553958892822,-0.3172691762447357,0.5004544854164124
38.75,-0.06505167484283447,2.268829584121704,-1.7131526470184326,1.067147970199585,0.4737897515296936,-0.045991450548172
38.8,-0.7355750799179077,1.1629639863967896,0.38256025314331055,0.2889057695865631,0.8884620070457458,0.10357006639242172
38.85,0.12322109937667847,0.348941832780838,0.21652419865131378,0.138275146484375,0.14975957572460175,0.4995892643928528
38.9,1.090332269668579,0.008195832371711731,-0.09653529524803162,0.055796608328819275,-0.15555137395858765,0.4711773991584778
38.95,-0.07483065128326416,0.6091185212135315,0.5253862738609314,-0.08944077789783478,0.02542160078883171,0.050063781440258026
39.0,-0.6529896259307861,0.1696988046169281,1.1431432962417603,0.0283476822078228,0.04611121118068695,0.12592163681983948
39.05,0.4904433786869049,-0.44724470376968384,0.2540796101093292,0.25444695353507996,-0.25575578212738037,0.21811005473136902
39.1,0.28247717022895813,-0.13873480260372162,0.830030083656311,0.2792261838912964,-0.033007338643074036,-0.037783343344926834
39.15,0.7978472709655762,-0.18706421554088593,-0.05790577456355095,0.4392324388027191,0.11359446495771408,-0.36680153012275696
39.2,0.5523995757102966,0.2561664283275604,-1.0467419624328613,0.08564233779907227,-0.06844837218523026,-0.614754319190979
39.25,-0.1050572618842125,0.45237836241722107,0.2890951633453369,-0.46532225608825684,0.09071876853704453,-0.6030060052871704
39.3,-0.04925808310508728,0.3870106637477875,0.6409541368484497,-0.3707653284072876,0.10213825851678848,-0.5210441946983337
39.35,0.5029783844947815,0.202728271484375,-0.07863818109035492,-0.1993834227323532,-0.047628290951251984,-0.4690195918083191
39.4,0.0004432201385498047,0.42620381712913513,0.8445426225662231,-0.1992078721523285,0.14427772164344788,-0.5359546542167664
39.45,-0.3604058623313904,0.6275321245193481,0.8193804025650024,-0.014935478568077087,-0.013816370628774166,-0.4492160677909851
39.5,0.2901720404624939,0.431914359331131,-0.12316994369029999,-0.006523936986923218,-0.3538235127925873,-0.16258373856544495
39.55,0.13664129376411438,0.6312656998634338,0.1519237905740738,-0.14034724235534668,-0.21297971904277802,-0.015058895573019981
39.6,0.028497084975242615,0.37464049458503723,-0.07298537343740463,-0.11174944788217545,-0.04234258830547333,0.07789582014083862
39.65,0.22160497307777405,0.4355087876319885,0.05661104992032051,-0.05407704412937164,0.09486987441778183,0.17241516709327698
39.7,0.025746338069438934,0.3728342354297638,0.2482842653989792,-0.03415273129940033,0.21976341307163239,0.23392976820468903
39.75,-0.008178472518920898,0.12245753407478333,0.30191999673843384,-0.0052773356437683105,0.2926881015300751,0.31618380546569824
39.8,0.09186301380395889,-0.006223679520189762,0.08167819678783417,-0.009005755186080933,0.2698432207107544,0.4117772877216339
39.85,0.6170845627784729,-0.2559080719947815,0.1096879243850708,0.00029428303241729736,0.0921507328748703,0.4911603331565857
39.9,0.22584319114685059,0.04289340600371361,0.0004190306644886732,-0.06665809452533722,-0.053547658026218414,0.2852455973625183
39.95,-0.08811118453741074,0.2739744484424591,-0.07877284288406372,-0.056151583790779114,0.06848330795764923,0.03846652805805206
40.0,0.01738028973340988,0.36978819966316223,-0.039737310260534286,-0.0007178094238042831,0.2109164446592331,-0.040898557752370834
40.05,0.1702166199684143,0.35532474517822266,-0.3657500147819519,-0.05344322323799133,0.20786571502685547,-0.027311192825436592
40.1,0.13876424729824066,0.21599866449832916,-0.199935182929039,-0.21143892407417297,0.1424601972103119,-0.034225091338157654
40.15,0.22893790900707245,0.10155870020389557,0.12743724882602692,-0.3426457643508911,0.045920029282569885,-0.01648746244609356
40.2,0.25116097927093506,0.03728199750185013,0.2768681049346924,-0.3483070135116577,0.003671705722808838,0.024025902152061462
40.25,-0.13632164895534515,0.17528633773326874,0.6573328971862793,-0.16193361580371857,0.037567783147096634,0.05016404390335083
40.3,0.07492122799158096,0.10849382728338242,0.21633389592170715,0.03263755887746811,0.019876372069120407,0.05989979952573776
40.35,-0.05923774093389511,0.2778978645801544,-0.03839478641748428,0.09317248314619064,0.026356827467679977,0.0901903361082077
40.4,-0.5488345623016357,0.4264107644557953,0.018141265958547592,0.0872529149055481,-0.0032320888713002205,0.2476540058851242
40.45,-0.31245630979537964,0.26204782724380493,0.2049034982919693,0.026293262839317322,-0.1921679675579071,0.49273109436035156
40.5,-0.321189820766449,0.26133444905281067,-0.14472822844982147,0.05040356516838074,-0.28718698024749756,0.7254692316055298
40.55,-0.06412328034639359,0.17821218073368073,-0.0522124357521534,-0.034366339445114136,-0.35177311301231384,0.8918551206588745
40.6,0.23147590458393097,-0.08659077435731888,0.15084141492843628,-0.07237938046455383,-0.2949945628643036,0.9568383693695068
40.65,0.9503406882286072,-0.12836840748786926,0.4875220060348511,0.01539468765258789,-0.20183435082435608,0.7391922473907471
40.7,-0.3389905095100403,0.3120461404323578,0.840761661529541,0.1852676123380661,-0.014992902055382729,0.45824548602104187
40.75,0.2412814348936081,0.29032230377197266,-0.47341036796569824,0.3550586402416229,-0.06648825109004974,0.4706127643585205
40.8,0.4979903995990753,0.26742076873779297,-0.41805365681648254,0.24650001525878906,-0.04047466814517975,0.3554478883743286
40.85,0.24044553935527802,0.3311882019042969,-0.3959931433200836,0.08132864534854889,-0.11781603842973709,0.06723137944936752
40.9,-0.1370842307806015,0.0956592932343483,0.4546676576137543,-0.07323963940143585,-0.16633611917495728,-0.17491279542446136
40.95,-0.19404307007789612,0.11672978103160858,0.41627588868141174,-0.013445772230625153,-0.05525730550289154,-0.2175699919462204
41.0,-0.24124394357204437,0.28863051533699036,-0.17015418410301208,0.09613718092441559,-0.059073638170957565,-0.1737070083618164
41.05,-0.1103629320859909,0.23915772140026093,0.36777040362358093,0.0665019229054451,0.015769928693771362,-0.1440189927816391
41.1,-0.2641560137271881,0.3587494492530823,0.14996816217899323,0.1328880935907364,0.01962670125067234,-0.1403617411851883
41.15,-0.39378172159194946,0.4436398446559906,0.03418278321623802,0.06170855090022087,0.03232203423976898,-0.0749182477593422
41.2,0.020077429711818695,0.3055582344532013,-0.2506382167339325,0.030767548829317093,-0.04423682764172554,-0.012622488662600517
41.25,-0.13186892867088318,0.16177085041999817,0.06120980158448219,-0.03944963961839676,-0.002529541030526161,-0.007091009058058262
41.3,0.1827310025691986,-0.1063394621014595,0.2681863009929657,-0.09933144599199295,-0.05613962933421135,-0.02536929026246071
41.35,-0.02646813541650772,0.0639047846198082,0.25974714756011963,-0.09194817394018173,-0.02947239764034748,-0.04207363724708557
41.4,-0.07652946561574936,0.2385893166065216,0.07573291659355164,-0.024335233494639397,-0.11418954282999039,0.004382460843771696
41.45,0.009817074984312057,0.1845703274011612,0.0639524757862091,-0.012652838602662086,-0.13628625869750977,0.05127064138650894
41.5,0.1756429672241211,0.021029479801654816,0.27352166175842285,-0.03638450428843498,-0.04864919185638428,0.0554814413189888
41.55,-0.13105370104312897,0.19782164692878723,-0.08725564181804657,0.029053784906864166,-0.046272676438093185,0.004514385014772415
41.6,-0.20282401144504547,0.2190094292163849,-0.052798137068748474,0.0381762757897377,-0.05211617425084114,0.030390020459890366
41.65,-0.13356921076774597,0.22109511494636536,-0.09423257410526276,0.05065595731139183,-0.03880912810564041,0.055326204746961594
41.7,0.05658167600631714,0.2309570610523224,-0.10665739327669144,0.03340813145041466,-0.08678246289491653,0.06421543657779694
41.75,0.11330070346593857,0.2735786736011505,-0.14854173362255096,-0.02777278423309326,-0.048453427851200104,-0.0052611492574214935
41.8,-0.13491348922252655,0.2694549858570099,-0.09086933732032776,-0.07278648018836975,-0.0374026745557785,-0.06348028033971786
41.85,-0.027953889220952988,0.16670037806034088,0.018274996429681778,-0.08282655477523804,-0.1154998317360878,-0.026437047868967056
41.9,-0.05403481423854828,0.2228699028491974,0.061381760984659195,-0.06304749101400375,-0.14209045469760895,0.0022464552894234657
41.95,-0.031908951699733734,0.2531576454639435,-0.25169315934181213,-0.02830234356224537,-0.18887914717197418,0.025848228484392166
42.0,-0.043297216296195984,0.20369912683963776,-0.3221327066421509,-0.09671318531036377,-0.19202227890491486,0.01030750572681427
42.05,-0.09816022962331772,0.11673452705144882,0.07361505925655365,-0.17791491746902466,-0.09061135351657867,0.0022666773293167353
42.1,-0.06847449392080307,0.09652331471443176,0.2986217737197876,-0.14765354990959167,-0.03362331539392471,0.022387592121958733
42.15,0.14691083133220673,0.10708523541688919,-0.060715451836586,-0.08045855164527893,-0.05851661041378975,0.023752108216285706
42.2,0.16429491341114044,0.09165190905332565,-0.12262667715549469,-0.11659542471170425,-0.05220968648791313,-0.0561831034719944
42.25,-0.3583718538284302,0.15594200789928436,0.19512112438678741,-0.18153221905231476,0.021507088094949722,-0.10676498711109161
42.3,-0.06090869382023811,0.2727232277393341,-0.007043222431093454,-0.157828226685524,-0.11072856187820435,-0.016979098320007324
42.35,0.24140635132789612,0.2613096535205841,0.12695887684822083,-0.16752628982067108,-0.22478970885276794,-0.04591124504804611
42.4,0.2747834324836731,0.09834004938602448,0.2778094410896301,-0.17023922502994537,-0.20702135562896729,-0.1983351707458496
42.45,0.33438044786453247,0.1278076171875,-0.16549468040466309,-0.1360081434249878,-0.15276400744915009,-0.34333208203315735
42.5,-0.22101329267024994,-0.012999502010643482,0.569281816482544,-0.1535750925540924,-0.08266705274581909,-0.4502192437648773
42.55,-0.26332202553749084,0.06819060444831848,0.1907486915588379,0.10852327942848206,0.014356367290019989,-0.3485988676548004
42.6,-0.11311660706996918,0.25438788533210754,-0.19065526127815247,0.20835059881210327,0.16534841060638428,-0.2446936070919037
42.65,0.17364181578159332,0.23517610132694244,-0.1658216267824173,0.19577020406723022,0.23183821141719818,-0.22721384465694427
42.7,-0.2853717803955078,0.3993712067604065,-0.26476114988327026,0.19019769132137299,0.16116222739219666,-0.25551658868789673
42.75,0.36311179399490356,-0.019192716106772423,-0.12373599410057068,0.09665464609861374,0.11800619214773178,-0.17199793457984924
42.8,-0.10284347832202911,0.22036460041999817,-0.20647455751895905,0.08809657394886017,0.24852681159973145,-0.26837337017059326
42.85,-0.21961168944835663,0.36694052815437317,-0.09263665974140167,0.11647944897413254,0.31279200315475464,-0.2029556930065155
42.9,-0.10441096872091293,0.335936576128006,-0.27707818150520325,0.13720270991325378,0.2741613984107971,-0.08379387855529785
42.95,-0.11130453646183014,0.16002465784549713,0.0038097782526165247,0.15150193870067596,0.25133660435676575,0.03145289793610573
43.0,0.21268196403980255,-0.06249237805604935,0.20579417049884796,0.15257927775382996,0.25730615854263306,0.08307423442602158
43.05,0.23455926775932312,-0.007236493285745382,-0.058590203523635864,0.19894897937774658,0.2805751860141754,0.03552692383527756
43.1,0.29739585518836975,0.11264991015195847,-0.26035067439079285,0.1787201166152954,0.19839318096637726,-0.0035461068619042635
43.15,0.16212895512580872,0.1940641552209854,-0.17869949340820312,0.10420382022857666,0.14721868932247162,-0.07921689748764038
43.2,0.0061109960079193115,0.32476046681404114,-0.11926031857728958,0.04799506813287735,0.08635741472244263,-0.13749563694000244
43.25,-0.1264793425798416,0.2565450966358185,-0.1544080525636673,-0.024088963866233826,0.06787295639514923,-0.11743193864822388
43.3,0.09754659235477448,0.17204761505126953,-0.13510315120220184,-0.051707006990909576,0.019239913672208786,-0.0661868080496788
43.35,0.15981197357177734,0.13709546625614166,-0.02744685858488083,-0.030521152541041374,-0.01506254356354475,-0.07036705315113068
43.4,0.29345932602882385,0.25452902913093567,0.08652869611978531,-0.02994377166032791,-0.2073644995689392,-0.18711189925670624
43.45,0.29598695039749146,0.39932161569595337,0.10584485530853271,-0.018272429704666138,-0.159794420003891,-0.25632163882255554
43.5,-0.3014141619205475,1.2207003831863403,-0.5855516791343689,0.03331201523542404,0.12150884419679642,-0.1953614205121994
43.55,-1.2098736763000488,1.4116995334625244,0.5661737322807312,0.04416147619485855,0.5032171607017517,0.05180532857775688
43.6,2.2596688270568848,-0.48607558012008667,-0.8766005635261536,0.03196531534194946,0.5715948343276978,0.47504955530166626
43.65,0.8848755359649658,-0.7092543840408325,-0.6490783095359802,0.09222283214330673,0.6768478155136108,-0.29806753993034363
43.7,-1.3545854091644287,0.18157394230365753,0.28057408332824707,0.2618168294429779,0.7021135091781616,-1.032078742980957
43.75,-1.2978425025939941,1.082722783088684,-0.34794408082962036,0.35054314136505127,0.3460836708545685,-0.8888010382652283
43.8,-0.6185598969459534,0.7680073976516724,-0.526099443435669,0.09896622598171234,-0.003271230263635516,-0.4099883437156677
43.85,-0.18799442052841187,0.5026445984840393,-0.04923944175243378,-0.14910659193992615,-0.13794709742069244,-0.0960044115781784
43.9,0.31111449003219604,0.11281396448612213,0.2182765156030655,-0.22765162587165833,-0.14548033475875854,-0.02469300664961338
43.95,-0.0015535801649093628,0.306339293718338,-0.1622220128774643,-0.1608605831861496,0.13990257680416107,-0.12299199402332306
44.0,-0.4427490830421448,0.5765934586524963,-0.32642441987991333,-0.18482503294944763,0.2707827687263489,-0.10126973688602448
44.05,0.3932749629020691,0.3269194960594177,-1.5146753787994385,-0.46434056758880615,0.04064669460058212,-0.007930961437523365
44.1,2.532867431640625,-0.6667206287384033,-1.580302357673645,-1.1663490533828735,-0.3762202560901642,-0.276943176984787
44.15,6.186794757843018,-0.30387240648269653,-0.9440844058990479,-2.121917963027954,-0.5795595645904541,-0.9160597920417786
44.2,6.254772663116455,0.06997187435626984,1.489556074142456,-2.589954376220703,-0.01812298595905304,-1.1462464332580566
44.25,0.3565616011619568,3.124843120574951,1.8354518413543701,-1.4234238862991333,0.05252847820520401,0.7573198080062866
44.3,-2.828530788421631,1.8792909383773804,0.6074169874191284,-0.9085637331008911,-0.13846999406814575,3.4089016914367676
44.35,-3.5136899948120117,-1.847312569618225,-0.1542062610387802,-0.5955145359039307,-0.46160805225372314,5.0488362312316895
44.4,-7.221061706542969,-1.1750019788742065,-0.07749564200639725,0.4642505645751953,-0.5544224381446838,5.279394149780273
44.45,-10.74827766418457,-3.777035713195801,1.0262038707733154,0.6740202307701111,0.09749246388673782,1.2913645505905151
44.5,-9.030388832092285,-4.03358268737793,1.160780429840088,0.6935473680496216,0.7717741131782532,-3.1322262287139893
44.55,-6.785120010375977,0.9564204216003418,2.3524484634399414,0.6330955028533936,0.9495326280593872,-5.058341026306152
44.6,2.7644691467285156,4.649301052093506,3.876631736755371,0.5477151870727539,2.2309255599975586,-6.037293434143066
44.65,14.497758865356445,3.092513084411621,4.050505638122559,1.3706659078598022,4.0632171630859375,-5.078423500061035
44.7,17.62313461303711,-6.203394889831543,-2.7262110710144043,0.9905658960342407,4.361438751220703,-3.1384894847869873
44.75,3.9571757316589355,-8.561723709106445,-15.716340065002441,1.545631766319275,4.38867712020874,-1.2215379476547241
44.8,2.0442841053009033,-2.4616222381591797,-4.195328235626221,0.7903362512588501,0.9116611480712891,0.8279076218605042
44.85,2.9079477787017822,0.6424274444580078,1.7234253883361816,-0.09256428480148315,-0.6133584976196289,1.1876689195632935
44.9,1.6963995695114136,0.6437005996704102,0.06717333942651749,-0.037685900926589966,-0.3711119592189789,0.40415656566619873
44.95,0.9103366732597351,0.22113418579101562,0.17681483924388885,-0.05520019307732582,-0.18533673882484436,0.051828596740961075
45.0,-0.24942395091056824,0.1173868253827095,-0.4395415484905243,0.11449237167835236,-0.015467622317373753,-0.016530420631170273
45.05,0.3669397234916687,0.2628774642944336,-0.20291076600551605,0.10924419015645981,0.13231180608272552,0.15006189048290253
45.1,0.4286474585533142,0.2569303512573242,-0.2637220323085785,0.11095680296421051,0.1799635887145996,0.23879168927669525
45.15,0.5159276723861694,0.13476848602294922,0.11402545124292374,0.13729554414749146,0.16750594973564148,0.3647540211677551
45.2,0.9046070575714111,0.2425232082605362,0.40172600746154785,0.14074718952178955,0.13723114132881165,0.48844659328460693
45.25,0.1658172458410263,0.4505358338356018,-0.12048602104187012,0.19294250011444092,0.0637890174984932,0.5426338911056519
45.3,0.20172543823719025,0.6339121460914612,0.186252623796463,0.40802744030952454,0.3289768099784851,0.5320895314216614
45.35,-0.2406080663204193,0.8686667680740356,-0.2402135133743286,0.7493593096733093,1.1445608139038086,0.37532633543014526
45.4,-1.4201499223709106,0.7351008653640747,-0.0710376650094986,1.0244359970092773,2.1643149852752686,0.379244327545166
45.45,-0.8393521308898926,0.18374449014663696,0.3087546229362488,1.4660247564315796,3.3530569076538086,0.5550524592399597
45.5,0.40860599279403687,-0.9044429659843445,-0.4831352233886719,1.7238166332244873,4.2643046379089355,0.5372310280799866
45.55,1.688316822052002,-1.8890436887741089,-0.7889148592948914,1.3042994737625122,4.837550163269043,0.25634703040122986
45.6,3.187523365020752,-1.159623384475708,-0.1154680922627449,0.27580103278160095,4.577170372009277,-0.27060452103614807
45.65,1.8014285564422607,0.9650307297706604,0.48638081550598145,-0.7810492515563965,2.312476873397827,-0.31104427576065063
45.7,0.4670120179653168,1.1695319414138794,0.8708492517471313,-0.8572366237640381,0.48992064595222473,-0.020700901746749878
45.75,1.8474152088165283,1.4206315279006958,0.6856613159179688,-0.42919713258743286,0.6385368704795837,0.022939838469028473
45.8,3.096998691558838,1.29511559009552,1.646823525428772,0.18675443530082703,0.6761269569396973,-0.6169506907463074
45.85,3.5988352298736572,-0.02802470326423645,2.4578421115875244,1.093709945678711,-0.17020469903945923,-1.9963514804840088
45.9,5.235599994659424,-1.5545791387557983,1.0957969427108765,2.0678534507751465,-1.1665502786636353,-3.3862996101379395
45.95,8.841947555541992,-1.7175928354263306,-0.9306391477584839,2.612008571624756,-1.2490663528442383,-5.293117523193359
46.0,9.887105941772461,-3.6843771934509277,-0.38298389315605164,2.881783962249756,0.0406644307076931,-4.9170098304748535
46.05,4.2878265380859375,1.0281096696853638,3.0073704719543457,3.2730588912963867,0.24160104990005493,-0.39682209491729736
46.1,0.0902559757232666,2.2147507667541504,4.9118242263793945,2.8002564907073975,-1.700967788696289,1.696440577507019
46.15,-2.5724432468414307,-0.6002650856971741,8.551074981689453,2.0003950595855713,-3.2182466983795166,1.9158427715301514
46.2,-6.266351222991943,0.5048882365226746,8.122976303100586,0.5725002288818359,-4.347654342651367,1.4456062316894531
46.25,-9.753079414367676,1.743876338005066,4.560688018798828,-0.3314865231513977,-4.240572929382324,0.9200020432472229
46.3,-9.895334243774414,0.5283951759338379,1.1910414695739746,-1.1773213148117065,-3.5059545040130615,0.1684117615222931
46.35,-8.706026077270508,2.7166762351989746,-0.04866679385304451,-1.952483892440796,-2.9445700645446777,-1.0569298267364502
46.4,-7.18922233581543,0.5221864581108093,-2.9743473529815674,-3.57045316696167,-2.0709073543548584,-2.742629051208496
46.45,-5.385966777801514,-2.61907696723938,-4.32718563079834,-4.4149017333984375,-1.4943594932556152,-2.7821359634399414
46.5,-4.735994338989258,-0.6035034656524658,-7.355713844299316,-3.663954734802246,-0.4681895077228546,-1.63832426071167
46.55,0.08115291595458984,1.4998881816864014,-8.928301811218262,-3.219857931137085,0.20616117119789124,-0.3170357942581177
46.6,8.54662799835205,-1.964901089668274,-10.070446968078613,-2.303407907485962,1.6936655044555664,-0.5667866468429565
46.65,12.444036483764648,-10.506771087646484,-14.859631538391113,-0.6831199526786804,2.397317409515381,-1.7769476175308228
46.7,6.749102592468262,-10.797720909118652,-20.73615264892578,0.7424100041389465,2.1934258937835693,-0.9110965728759766
46.75,2.765199661254883,-4.763132095336914,-1.9840497970581055,-2.5910964012145996,1.4052339792251587,0.5214877724647522
46.8,8.303936004638672,4.265000343322754,-0.172469362616539,-2.6842517852783203,0.7374693155288696,1.2411373853683472
46.85,2.7247886657714844,2.292386054992676,-0.9925154447555542,0.14241167902946472,0.4037579596042633,-0.7493314146995544
46.9,-2.3849382400512695,0.2615538239479065,-1.3856918811798096,1.0043175220489502,-0.12923692166805267,-1.6115137338638306
46.95,-2.850538730621338,-0.044039662927389145,-0.9356997609138489,0.6124824285507202,-0.49113929271698,-0.6896095275878906
47.0,-0.09678924083709717,0.2152262032032013,-0.1515500396490097,0.23140648007392883,-0.12291257083415985,0.5242009162902832
47.05,0.6041560173034668,0.4382353127002716,0.08353373408317566,0.17748700082302094,0.040740542113780975,0.5925722718238831
47.1,-0.37761178612709045,0.20927907526493073,-0.5288429856300354,0.39332062005996704,0.04076090082526207,0.15776902437210083
47.15,-1.6283774375915527,0.38070306181907654,-0.6093454360961914,0.10650855302810669,-0.1019861176609993,0.5403690934181213
47.2,0.6190952062606812,0.5083246827125549,0.7616862654685974,-0.20069482922554016,-0.1631135195493698,1.0484453439712524
47.25,0.7237341403961182,0.5645876526832581,0.281318336725235,0.15146952867507935,0.05823364481329918,0.4966476261615753
47.3,-0.16259878873825073,0.14980410039424896,-0.8549163937568665,0.2806164026260376,0.2050182819366455,0.04446369782090187
47.35,-0.8768237829208374,0.11744117736816406,-1.1178284883499146,-0.07910671085119247,-0.09107395261526108,0.12200482189655304
47.4,-0.387009859085083,0.35179805755615234,-0.78159099817276,-0.48345115780830383,-0.29473012685775757,0.4557912051677704
47.45,0.774011492729187,0.4724474549293518,0.34517738223075867,-0.7055662870407104,-0.17187224328517914,0.6938037276268005
47.5,0.5997432470321655,0.472445547580719,0.36356422305107117,-0.523104190826416,-0.006745507940649986,0.4411725401878357
47.55,0.11253437399864197,0.3674345314502716,-0.15234500169754028,-0.270107626914978,0.04975476115942001,0.08206446468830109
47.6,0.24349910020828247,0.14354991912841797,0.03492175042629242,-0.16910427808761597,0.10433083027601242,-0.06859099864959717
47.65,-0.48321619629859924,0.026434915140271187,-0.13539628684520721,-0.0712485983967781,0.1810705065727234,-0.23246727883815765
47.7,-0.4018321633338928,0.10070803016424179,-0.1848815679550171,-0.0003176257014274597,0.0918692871928215,-0.20058971643447876
47.75,-0.24276778101921082,0.2237701714038849,-0.17378957569599152,0.061767637729644775,-0.04312499240040779,-0.12408921122550964
47.8,-0.2139134556055069,0.4336119294166565,-0.18022510409355164,0.15595802664756775,-0.06854765117168427,-0.052074678242206573
47.85,0.42635202407836914,0.6251574158668518,0.02058861404657364,0.23802311718463898,-0.07008414715528488,0.012632157653570175
47.9,0.02385912835597992,0.8176776170730591,0.22208508849143982,0.5013419389724731,-0.17270588874816895,-0.08018370717763901
47.95,-0.9088095426559448,1.2187855243682861,0.6927797198295593,0.8833158612251282,-0.41523340344429016,0.19835388660430908
48.0,-1.3533650636672974,2.154740571975708,-0.4379434287548065,1.5946942567825317,-0.252216100692749,0.7722238898277283
48.05,-2.8675153255462646,2.225991725921631,1.4417976140975952,2.7290701866149902,0.4990655779838562,1.262399435043335
48.1,-2.8420698642730713,3.553175687789917,2.1592681407928467,3.9264492988586426,1.5252457857131958,1.8033407926559448
48.15,1.5503243207931519,1.2038804292678833,1.2055374383926392,4.363718032836914,2.0637011528015137,2.1214187145233154
48.2,3.5216071605682373,6.580696105957031,2.4038541316986084,6.344198226928711,0.6246200203895569,0.545922577381134
48.25,6.948183059692383,4.381983280181885,6.981812477111816,7.031574249267578,-0.11030227690935135,-1.0809597969055176
48.3,11.516824722290039,-3.7149157524108887,7.0279412269592285,4.500236511230469,-0.41642361879348755,0.04532310739159584
48.35,10.610360145568848,-6.772855758666992,7.344535827636719,0.6262052655220032,-0.9028654098510742,1.874683141708374
48.4,3.7223122119903564,-3.237424612045288,9.270057678222656,-3.1250736713409424,-2.0336289405822754,2.5174224376678467
48.45,-1.6025075912475586,-4.421258449554443,2.6028695106506348,-6.69340181350708,-3.5709524154663086,1.497720718383789
48.5,-9.415170669555664,-7.1998419761657715,-4.658708095550537,-7.257981300354004,-3.1285412311553955,0.3893170952796936
48.55,-14.774763107299805,1.66596519947052,-15.299357414245605,-2.891758441925049,-1.6300393342971802,-3.9282779693603516
48.6,12.66731071472168,90.75804901123047,-58.50566482543945,1.472878336906433,-1.2231343984603882,-3.8718960285186768
48.65,10.746028900146484,44.36978530883789,-30.714075088500977,-0.9973835945129395,-1.0902373790740967,-2.477776050567627
48.7,-2.743864059448242,2.219693422317505,-1.1319230794906616,-2.3572888374328613,-0.2288990169763565,-1.4873408079147339
48.75,-0.9751357436180115,1.0254156589508057,1.3090369701385498,-1.4221985340118408,0.36782100796699524,-0.975412905216217
48.8,0.6734793186187744,-0.5317212343215942,-0.29215794801712036,-0.4293118119239807,0.2293473333120346,-0.8392881155014038
48.85,-0.8686631321907043,-0.6447554230690002,-0.9072380065917969,-0.5518360137939453,0.058675967156887054,-0.7621145844459534
48.9,-1.3121055364608765,0.42928609251976013,-0.27925607562065125,-1.1144354343414307,0.23558057844638824,-0.415377140045166
48.95,-0.27927446365356445,0.4054814279079437,0.1970800906419754,-1.0711627006530762,0.5507287979125977,-0.32098665833473206
49.0,0.22948713600635529,0.12389566749334335,0.31241124868392944,-0.8227135539054871,0.5223374962806702,-0.4397265911102295
49.05,-0.07596322894096375,0.09659671783447266,-0.45979902148246765,-0.7697232365608215,0.3292582631111145,-0.45921245217323303
49.1,-0.09305484592914581,0.3403768539428711,-0.5600348711013794,-0.9665530920028687,0.33330070972442627,-0.33711540699005127
49.15,-0.23953035473823547,0.6189594864845276,-0.4193555414676666,-1.096921443939209,0.2481198012828827,-0.25509876012802124
49.2,0.8587612509727478,0.6844072341918945,-0.10564439743757248,-0.8769717812538147,0.11741504073143005,-0.11385007947683334
49.25,-0.887131929397583,0.27178865671157837,-0.28194504976272583,-0.5814493894577026,0.16187256574630737,-0.15777678787708282
49.3,-0.326814740896225,0.15418151021003723,0.08027046173810959,-0.6079110503196716,0.2877591848373413,0.34726056456565857
49.35,0.3810201585292816,0.42892175912857056,0.360787957906723,-0.44073957204818726,0.2795434594154358,0.5626998543739319
49.4,-0.642130434513092,1.4054633378982544,0.24208475649356842,0.007511943578720093,0.19791856408119202,0.5314643383026123
49.45,-4.6545844078063965,1.5084450244903564,-4.987446308135986,0.9612827897071838,0.2883985638618469,1.2457131147384644
49.5,-13.192875862121582,1.4650527238845825,-12.29252815246582,2.254913330078125,1.006016731262207,1.5991098880767822
49.55,-18.45494842529297,-3.940772294998169,-0.26172947883605957,5.836498737335205,-1.3715296983718872,0.6065241694450378
49.6,12.123600006103516,10.171615600585938,3.2909300327301025,4.409485816955566,-1.3552356958389282,-0.6235484480857849
49.65,15.739131927490234,8.493012428283691,-6.48239278793335,-2.6896347999572754,1.5726172924041748,1.5418260097503662
49.7,3.2205307483673096,1.160887598991394,-2.3260586261749268,-3.8249425888061523,3.5931215286254883,2.036475896835327
49.75,2.07871150970459,2.1118173599243164,-1.006388545036316,-2.6796977519989014,3.4085516929626465,0.049041833728551865
49.8,2.420383930206299,1.6776723861694336,-3.988335371017456,-1.6550941467285156,2.484520673751831,-0.8218360543251038
49.85,2.004319190979004,0.36998629570007324,-3.895249605178833,-0.7435785531997681,1.4995464086532593,-0.8771029114723206
49.9,-2.486682891845703,0.2259131371974945,-0.7828267216682434,-0.5560733675956726,1.2510124444961548,-0.7354068160057068
49.95,-4.243575096130371,0.365010529756546,1.693288803100586,-0.5007971525192261,1.8294868469238281,-0.6213090419769287
50.0,-0.5708358287811279,-0.1845979243516922,0.7136561274528503,-0.24850426614284515,2.109304189682007,-0.4608891010284424
50.05,0.4396151304244995,-0.9060719609260559,-3.1924691200256348,-0.26697346568107605,1.2951282262802124,0.23385827243328094
50.1,1.1834473609924316,-0.593848466873169,-2.810347080230713,-0.15111786127090454,-0.31794649362564087,0.36397498846054077
50.15,1.457626223564148,0.539787232875824,-1.2436984777450562,0.266117125749588,-0.5950050950050354,-0.1436053067445755
50.2,0.5211386680603027,0.9804755449295044,-0.17508813738822937,0.1719476282596588,0.06692028790712357,-0.7585673928260803
50.25,-1.3441197872161865,-0.3071812093257904,2.7333872318267822,-0.3664921522140503,2.9655048847198486,-1.6658103466033936
50.3,1.187300682067871,-0.6677045822143555,2.0103654861450195,-1.2530500888824463,8.698054313659668,-1.8666040897369385
50.35,0.8588144183158875,1.2239409685134888,1.0167609453201294,-1.0562282800674438,10.664450645446777,-1.0937604904174805
50.4,4.396188735961914,1.3500021696090698,-0.8551445603370667,-0.6736775040626526,10.152374267578125,-0.9645335674285889
50.45,2.1127192974090576,0.06317395716905594,-4.819014072418213,-0.807718813419342,10.155031204223633,-0.9077418446540833
50.5,-0.008091926574707031,-0.332013338804245,-4.193673610687256,-0.6181907057762146,9.930668830871582,-0.8127292394638062
50.55,0.45168304443359375,0.299673855304718,-4.255054950714111,-0.4755409061908722,9.3352689743042,-1.0536209344863892
50.6,-1.8087064027786255,-0.09204593300819397,-4.636264324188232,-0.659960150718689,9.272150993347168,-1.3181891441345215
50.65,-4.588599681854248,0.12275032699108124,-3.185790538787842,-0.8704017400741577,9.151036262512207,-1.2507630586624146
50.7,-5.048233985900879,0.6721661686897278,0.5438500046730042,-0.8022607564926147,8.93260669708252,-0.7585200071334839
50.75,-4.357779026031494,-0.2890566289424896,-0.04274990037083626,-0.5766074061393738,8.106595993041992,-0.6686310172080994
50.8,-0.9841652512550354,0.230050191283226,0.8912115693092346,-0.4372401535511017,7.218617916107178,-0.2905862629413605
50.85,-0.10162410140037537,-0.34338289499282837,-0.8522282838821411,-0.2124093472957611,5.87083101272583,-0.0508701428771019
50.9,0.15848314762115479,-0.38623523712158203,1.6277315616607666,-0.23823927342891693,4.233998775482178,0.30306053161621094
50.95,-0.3363288640975952,0.13374820351600647,2.5690412521362305,0.22752609848976135,2.592092990875244,0.4052145183086395
51.0,0.18958745896816254,-1.1814242601394653,-0.6024690270423889,0.6667097806930542,1.8604185581207275,0.3155931234359741
51.05,0.9454013109207153,-0.2812977731227875,-0.5878653526306152,0.20247870683670044,1.5223338603973389,0.27722835540771484
51.1,-1.6451852321624756,0.32586777210235596,0.2930065095424652,-0.2966153025627136,1.0771281719207764,0.10667280852794647
51.15,1.7237679958343506,1.9142361879348755,-0.21760261058807373,-0.7702401876449585,1.2174941301345825,0.47382354736328125
51.2,-0.20179441571235657,1.2948447465896606,-0.6840277314186096,-0.466023713350296,0.5036672353744507,0.25525206327438354
51.25,0.6505421996116638,2.098712205886841,0.8557309508323669,-0.35966718196868896,-0.4538974165916443,0.5544827580451965
51.3,11.635090827941895,8.42771053314209,-5.4929022789001465,0.19454443454742432,-0.24913491308689117,-1.5148879289627075
51.35,41.09504318237305,9.148792266845703,-10.594594955444336,1.5876226425170898,-3.298906087875366,-5.403794765472412
51.4,4.838623523712158,7.966615676879883,2.4888405799865723,0.12418782711029053,-0.543826699256897,1.6308557987213135
51.45,-24.73179054260254,-10.936790466308594,-21.242891311645508,0.43113577365875244,-2.5788512229919434,2.756150484085083
51.5,-16.673572540283203,-24.06027603149414,5.332712173461914,0.8950625658035278,-3.1407527923583984,-0.3817940652370453
51.55,0.9237551689147949,-6.872750282287598,11.398332595825195,-3.385072708129883,-0.45566603541374207,0.14964112639427185
51.6,2.8324649333953857,2.985819101333618,2.4773895740509033,-3.803623676300049,0.30174753069877625,0.5948481559753418
51.65,-3.568537712097168,2.0902857780456543,1.3906224966049194,-0.6010317802429199,-0.16352960467338562,0.1828695386648178
51.7,2.043917417526245,-0.7116624116897583,-0.05122129246592522,0.7955998778343201,-0.4341302514076233,0.266277939081192
51.75,1.6991736888885498,-0.07960429787635803,-1.6872444152832031,0.49961143732070923,-0.40560445189476013,0.0741455927491188
51.8,-0.9374324083328247,0.29098984599113464,-2.365109443664551,-0.17057682573795319,-0.16744473576545715,0.2426755428314209
51.85,-0.016908884048461914,0.05426780879497528,-1.7665672302246094,-0.3458928167819977,0.05191398411989212,0.33491891622543335
51.9,1.45876145362854,-0.19059573113918304,-0.305780291557312,-0.46412137150764465,0.078773133456707,-0.20110125839710236
51.95,0.10133501887321472,0.9809991121292114,-0.4942902624607086,-0.5467363595962524,0.18397827446460724,-0.496004194021225
52.0,-0.24924813210964203,0.8134146928787231,-0.680526077747345,-0.25597211718559265,0.059185661375522614,-0.23035064339637756
52.05,-0.723361611366272,0.11867048591375351,-0.4962216019630432,-0.13186562061309814,0.024776354432106018,-0.11052704602479935
52.1,-0.9849368929862976,0.48806577920913696,-0.9385342597961426,-0.06863144785165787,0.05514766275882721,0.17371882498264313
52.15,-1.1498284339904785,1.2950928211212158,0.7196664214134216,0.22407932579517365,-0.15419316291809082,0.39089950919151306
52.2,-1.3536815643310547,2.606415271759033,2.9938395023345947,1.814146637916565,-1.1573423147201538,1.0246317386627197
52.25,-0.5211572647094727,-2.092691421508789,3.236778974533081,3.2160587310791016,-2.5086143016815186,2.053464651107788
52.3,0.8249344825744629,-4.276862621307373,-3.1121997833251953,2.7410640716552734,-3.038714647293091,1.9591196775436401
52.35,3.185357093811035,-2.5560922622680664,-3.419135332107544,0.6225031018257141,-1.0534864664077759,0.5747129321098328
52.4,7.1954755783081055,-3.805424451828003,2.8432374000549316,-1.63948655128479,0.29238367080688477,-0.7593891620635986
52.45,0.7402440309524536,0.04035007581114769,3.0637402534484863,-2.2598116397857666,1.0463091135025024,-1.5414618253707886
52.5,-2.8495240211486816,0.5748416185379028,-0.8208430409431458,-1.254482388496399,-0.11277355253696442,-1.0318578481674194
52.55,-2.360574245452881,0.732775866985321,0.5770961046218872,-0.748742938041687,-0.12505273520946503,-0.6340223550796509
52.6,-2.063786029815674,0.17182837426662445,0.3600793480873108,-0.3406742215156555,-0.30191105604171753,-0.5473935008049011
52.65,-1.9846442937850952,0.32066065073013306,-0.9439140558242798,-0.18060728907585144,-0.5621716976165771,-0.3895728886127472
52.7,-2.432432174682617,0.45060834288597107,-1.2639163732528687,-0.1410895437002182,-0.4310951232910156,-0.3614785671234131
52.75,0.3129217028617859,-0.340029776096344,-0.6484287977218628,-0.07842472195625305,-0.14529694616794586,-0.1745723932981491
52.8,-0.6427625417709351,0.6769362092018127,-0.2805585265159607,0.012153685092926025,0.35007521510124207,-0.7760446667671204
52.85,-0.45937418937683105,0.7921706438064575,-0.2902562916278839,-0.0052155256271362305,0.29753124713897705,-0.702791690826416
52.9,-0.11456230282783508,0.35380077362060547,-0.8732345104217529,0.02753642201423645,0.11859039962291718,-0.5966708064079285
52.95,0.3454197347164154,0.24414728581905365,-0.7089256048202515,-0.06471754610538483,0.22831030189990997,-0.4648362100124359
53.0,-3.972349166870117,-1.2813032865524292,0.6618755459785461,-0.11978097259998322,0.24106140434741974,-0.09379962086677551
53.05,-0.10777711868286133,0.19899751245975494,-0.46022218465805054,-0.3630877137184143,0.6291965246200562,1.8454574346542358
53.1,-4.816442966461182,1.1053193807601929,1.9981812238693237,-0.0505375862121582,1.9263044595718384,2.1158440113067627
53.15,-2.279445171356201,0.4165710508823395,5.313343524932861,0.3248037099838257,1.9855488538742065,2.5575039386749268
53.2,5.8385725021362305,1.850531816482544,4.136260986328125,1.4452807903289795,1.0527254343032837,2.0574491024017334
53.25,0.7048325538635254,-0.5635901689529419,-0.48483628034591675,2.910379409790039,0.13954895734786987,-0.5663559436798096
53.3,7.4865217208862305,0.9630220532417297,0.019526539370417595,3.7607359886169434,-1.5592620372772217,-1.8559781312942505
53.35,-7.263916015625,-10.339720726013184,2.1283888816833496,0.24748727679252625,0.36701732873916626,-1.2280069589614868
53.4,14.25399112701416,12.692269325256348,-34.65293884277344,-0.6603049039840698,-0.05290555581450462,-1.6305241584777832
53.45,8.728306770324707,4.72611665725708,-15.884519577026367,-3.3354718685150146,-0.10772301256656647,-1.415610432624817
53.5,-1.789890170097351,1.0439398288726807,0.38917917013168335,-3.3245935440063477,0.21308794617652893,-0.8442579507827759
53.55,1.0664269924163818,1.3195754289627075,0.5823290944099426,-1.5224180221557617,0.027073515579104424,-0.4215574860572815
53.6,2.0125539302825928,0.9210014939308167,0.15997213125228882,-0.14774945378303528,-0.036476731300354004,-0.6806768178939819
53.65,0.5514322519302368,0.38521668314933777,-1.3241088390350342,0.249113529920578,0.016236914321780205,-0.864819347858429
53.7,-0.6656267642974854,0.02093980647623539,-1.040759563446045,0.07116267085075378,-0.3646441698074341,-0.5034016370773315
53.75,-2.2820661067962646,-0.3777904510498047,-0.30799850821495056,0.056117720901966095,-0.4321898818016052,-0.07230972498655319
53.8,-0.7901854515075684,0.16289712488651276,-0.5602778792381287,-0.0484214723110199,0.1871708482503891,0.7261281609535217
53.85,0.7206329107284546,0.2808513045310974,-1.2374892234802246,-0.0868566632270813,0.3556596040725708,0.7584480047225952
53.9,-0.24657228589057922,0.24459554255008698,-0.4787536561489105,-0.0552339032292366,0.18952850997447968,0.25254523754119873
53.95,-0.4816725254058838,0.20066359639167786,-0.4823245108127594,-0.05668555945158005,0.16202141344547272,0.03841250017285347
54.0,-0.34419453144073486,0.2720165550708771,-0.5762543678283691,-0.06685758382081985,0.059211187064647675,0.006259869784116745
54.05,-0.6001540422439575,0.1878080666065216,-0.6232708692550659,-0.06422508507966995,0.07814252376556396,0.0012234365567564964
54.1,-0.2537674903869629,0.07312105596065521,-0.6240166425704956,-0.033547405153512955,0.051837969571352005,0.0495760478079319
54.15,-0.2739262580871582,0.25234317779541016,-0.702337384223938,-0.04345816373825073,0.02115153893828392,0.03190108761191368
54.2,-0.40152135491371155,0.49769213795661926,-1.302366852760315,-0.025852367281913757,-0.01266152411699295,-0.012819145806133747
54.25,-0.5301213264465332,0.2655973434448242,-1.0086536407470703,0.010188469663262367,0.013966137543320656,0.04175668954849243
54.3,-0.215585857629776,0.2117338329553604,-0.4254572093486786,0.04942689836025238,-0.0060875630006194115,0.0837106928229332
54.35,-0.23275646567344666,0.2582989037036896,-0.42068031430244446,0.01551748625934124,-0.031391724944114685,-0.023814324289560318
54.4,-0.3199077248573303,0.19221213459968567,-0.34152868390083313,-0.00427791103720665,-0.031085126101970673,-0.0967022255063057
54.45,-0.8360564112663269,0.09325600415468216,-0.760351836681366,0.028691068291664124,-0.01092925202101469,-0.10342413187026978
54.5,-0.45563507080078125,0.24439717829227448,-0.7202326059341431,0.036112554371356964,-0.0024255213793367147,-0.04316169023513794
54.55,-0.31738489866256714,0.261778861284256,-0.5317957401275635,-0.003638671711087227,-0.029693694785237312,-0.05741962790489197
54.6,-0.27480781078338623,0.20976926386356354,-0.5553737282752991,-0.04377666115760803,-0.02966560795903206,-0.05940602347254753
54.65,-0.28641775250434875,0.1998596340417862,-0.5252079963684082,-0.040030453354120255,-0.017667461186647415,-0.08157849311828613
54.7,-0.5929396748542786,0.2357359081506729,-0.7485560774803162,-0.021311920136213303,-0.014472613111138344,-0.0983738899230957
54.75,-0.45887064933776855,0.2725506126880646,-0.6138008832931519,-0.008408140391111374,-0.010310574434697628,-0.04874061048030853
54.8,-0.5415008664131165,0.21822741627693176,-0.5766472816467285,0.003950875252485275,0.002239539287984371,0.0009172933641821146
54.85,-0.20270514488220215,0.2663431465625763,-0.47654929757118225,-0.03531631827354431,0.015522453933954239,0.08375680446624756
54.9,-0.35925567150115967,0.24643613398075104,-0.6390186548233032,-0.12278111279010773,0.10642728209495544,0.14770722389221191
54.95,-0.20109939575195312,0.1567077934741974,0.11866094917058945,-0.12477301806211472,0.08240404725074768,0.16537338495254517
55.0,-0.35325732827186584,0.10419563204050064,0.20145440101623535,0.036982011049985886,0.010130529291927814,0.11367467790842056
55.05,-0.38050198554992676,0.18231680989265442,-0.011938605457544327,0.16323183476924896,0.017329901456832886,0.42418643832206726
55.1,0.07932272553443909,0.5168218612670898,-0.8067522644996643,0.4280221164226532,0.1213328167796135,0.5939511060714722
55.15,-4.956784725189209,0.367654949426651,-1.2594026327133179,0.7597051858901978,0.832851231098175,0.3386467695236206
55.2,-0.5236684083938599,0.3553839921951294,1.409685730934143,0.6586726903915405,3.4905335903167725,-0.412463515996933
55.25,3.4831533432006836,-1.2327167987823486,0.5158630013465881,0.18828430771827698,3.790858268737793,-0.9551358222961426
55.3,-2.1674535274505615,0.10707587748765945,1.899931788444519,-0.4749608039855957,1.51995849609375,-0.6959006786346436
55.35,-1.7669434547424316,0.5925514101982117,0.479387491941452,-0.21552608907222748,0.39426568150520325,-0.33815374970436096
55.4,-1.3836004734039307,0.08449842780828476,-0.7899518609046936,0.0015515033155679703,0.30695563554763794,-0.05353999882936478
55.45,0.08564823865890503,0.5534763336181641,-0.9093244671821594,0.1083105280995369,0.2524566948413849,0.1583445817232132
55.5,1.4320671558380127,0.6412515044212341,-0.7966577410697937,0.21815438568592072,0.2107871025800705,-0.11069922149181366
55.55,-0.26163023710250854,0.33675482869148254,-0.5400129556655884,0.1692463457584381,0.44205814599990845,-0.48417213559150696
55.6,0.22257433831691742,-0.10189538449048996,-0.626355767250061,0.25438952445983887,0.6739487051963806,-0.23122836649417877
55.65,0.1992405503988266,0.06354805827140808,-0.6561771631240845,0.20071981847286224,0.4906187653541565,-0.030323602259159088
55.7,-0.9565479755401611,0.09201337397098541,-0.5928084850311279,0.01749492809176445,0.16213592886924744,-0.03685808181762695
55.75,-0.09900470077991486,0.08700846880674362,-0.46289223432540894,-0.052622269839048386,0.025608107447624207,0.09397146850824356
55.8,-0.41226211190223694,0.08405590057373047,-0.5624449849128723,-0.09584172815084457,0.07526926696300507,0.029661916196346283
55.85,-0.27259793877601624,0.21938231587409973,-0.3813053369522095,-0.0899580717086792,-0.03345540538430214,0.22625640034675598
55.9,-0.1231088638305664,0.20878125727176666,-0.3704755902290344,-0.06384679675102234,-0.12885424494743347,0.2517709732055664
55.95,-0.42884767055511475,0.25287726521492004,-0.28577741980552673,-0.02380998060107231,-0.015858834609389305,0.05352644994854927
56.0,-0.27489981055259705,0.18314838409423828,-0.46366456151008606,-0.07880285382270813,0.11933616548776627,-0.18627062439918518
56.05,-0.8535872101783752,0.10934451222419739,-0.414190411567688,-0.0990496575832367,0.21035663783550262,-0.41666340827941895
56.1,-0.5161245465278625,0.2881918251514435,-0.5880398154258728,-0.13492026925086975,0.20210622251033783,-0.33377259969711304
56.15,0.32501429319381714,0.31987473368644714,-0.9245713353157043,-0.27666252851486206,0.1663564294576645,-0.20414285361766815
56.2,0.6315438151359558,0.4204578399658203,-0.936637818813324,-0.4418271481990814,0.1734863966703415,-0.24364955723285675
56.25,-0.32636988162994385,0.43252283334732056,-0.49818000197410583,-0.5799857378005981,0.19880174100399017,-0.2997245192527771
56.3,0.2530798614025116,0.3432607352733612,-0.8346251249313354,-0.5247650146484375,0.21085678040981293,-0.22039690613746643
56.35,0.5513210296630859,0.48335933685302734,-0.6960844993591309,-0.5436785221099854,0.5222509503364563,-0.04731933772563934
56.4,0.012585222721099854,0.35951900482177734,-0.8423522114753723,-0.47639429569244385,0.5352751612663269,0.1373739093542099
56.45,-0.5158679485321045,0.15395836532115936,0.2294623702764511,-0.33391356468200684,0.4369761645793915,0.21036911010742188
56.5,-0.9675946235656738,-1.3896455764770508,1.9743235111236572,-0.16698120534420013,0.2832598090171814,0.19985277950763702
56.55,-0.7865340709686279,-1.0390005111694336,1.3147507905960083,0.3016525208950043,0.10457495599985123,0.3708953559398651
56.6,0.3443334102630615,-0.3064136803150177,0.3001292049884796,0.5453224182128906,0.014657590538263321,0.5049744248390198
56.65,0.8485049605369568,0.13463109731674194,-0.7600358724594116,0.5682527422904968,0.09833376109600067,0.47234079241752625
56.7,0.34588488936424255,0.8922396302223206,-1.1246120929718018,0.5250338315963745,0.07984738051891327,0.2587384581565857
56.75,-0.39033207297325134,0.377627432346344,-0.18262159824371338,0.442588210105896,0.1244819238781929,0.17809844017028809
56.8,-0.2852936089038849,0.09860610216856003,-0.7520533800125122,0.43288934230804443,0.1015334352850914,0.24228554964065552
56.85,-0.5510997772216797,0.3453388214111328,-0.8286525011062622,0.27719396352767944,0.07494821399450302,0.2585649788379669
56.9,-0.4002687931060791,0.6865587830543518,-0.47065532207489014,0.13460741937160492,0.03463446721434593,0.13002927601337433
56.95,-0.3386235237121582,0.40385347604751587,-0.3782598078250885,-0.03421511501073837,0.027487926185131073,-0.17938804626464844
57.0,-0.23501352965831757,0.5005999207496643,-0.07902135699987411,-0.12287212908267975,-0.041327573359012604,-0.5033412575721741
57.05,-0.5218275189399719,0.25652793049812317,-0.1986108273267746,-0.1199084222316742,-0.0496482327580452,-0.42373859882354736
57.1,-0.09453128278255463,0.17543506622314453,-0.5148301124572754,-0.12524522840976715,-0.04688868299126625,-0.35511094331741333
57.15,0.08141332864761353,0.004412616137415171,-0.7066847681999207,-0.3068181574344635,-0.09799321740865707,-0.44060832262039185
57.2,-0.17151746153831482,0.1969785988330841,-0.27741676568984985,-0.2986995577812195,0.02409234270453453,-0.43042615056037903
57.25,0.10622048377990723,0.4801187813282013,-0.41129833459854126,-0.155055969953537,0.10664058476686478,-0.35409849882125854
57.3,0.36881405115127563,0.7710457444190979,-1.5834954977035522,-0.31235557794570923,0.18430842459201813,-0.4187881052494049
57.35,-1.2234631776809692,0.9338637590408325,-0.5216866731643677,-0.7323856949806213,0.046295683830976486,-0.44016337394714355
57.4,-1.5159674882888794,0.23155701160430908,0.8284446001052856,-0.6750593185424805,-0.44121602177619934,-0.13836681842803955
57.45,0.3557339608669281,-0.4013853669166565,0.2882940173149109,-0.20847144722938538,-1.010576844215393,0.12132766842842102
57.5,1.010624647140503,-0.3782130181789398,0.146682471036911,0.13553071022033691,-0.7766139507293701,0.12045392394065857
57.55,-0.22611109912395477,-0.15402601659297943,0.3193298876285553,0.3333802819252014,-0.26475685834884644,0.13466252386569977
57.6,-1.573498010635376,-0.10910694301128387,0.6597092747688293,0.5765458345413208,-0.02748415246605873,0.46679213643074036
57.65,1.3944203853607178,0.2553500533103943,-0.8564264178276062,0.7902249097824097,0.1444808691740036,1.187218427658081
57.7,1.0231525897979736,0.9720755219459534,-1.0786887407302856,0.8667358756065369,-0.21091382205486298,0.9322147965431213
57.75,-0.7811868190765381,1.1110707521438599,0.1465105414390564,0.7689995765686035,-0.3148088753223419,0.3199528753757477
57.8,0.34858131408691406,1.4988232851028442,0.5251175761222839,1.071164846420288,-0.05980704724788666,0.09940111637115479
57.85,0.4466567635536194,0.45456793904304504,-0.18005406856536865,1.6368138790130615,-0.31542548537254333,0.08172843605279922
57.9,0.9149061441421509,0.8259192705154419,0.3374476730823517,1.5012106895446777,-0.9881779551506042,0.13589197397232056
57.95,5.293200969696045,2.0158302783966064,4.705161094665527,1.7420110702514648,-1.5449895858764648,-0.7354220747947693
58.0,5.031389236450195,2.8780300617218018,6.301851272583008,3.4232137203216553,-2.7914822101593018,-1.6009494066238403
58.05,-17.07610321044922,-3.5079023838043213,10.197757720947266,-1.479069709777832,-2.049262285232544,1.3121628761291504
58.1,-29.1342716217041,1.0970350503921509,-13.28032112121582,-4.005468845367432,-5.940788745880127,0.18054687976837158
58.15,1.9734973907470703,4.497369289398193,-45.249454498291016,-1.8184689283370972,-4.015259742736816,-1.2537472248077393
58.2,8.67844009399414,4.816208362579346,-17.74504852294922,-2.368588924407959,1.4326775074005127,-0.9828251600265503
58.25,1.2483899593353271,3.1550419330596924,-2.640362024307251,-0.7520194053649902,0.9966762661933899,-0.7546074986457825
58.3,-2.118286609649658,-0.3262444734573364,-3.566692590713501,-0.13575173914432526,0.12525978684425354,-0.5108858942985535
58.35,-1.3167153596878052,0.09818365424871445,-0.8833240866661072,-0.667245626449585,0.10815029591321945,-0.28081655502319336
58.4,-1.0606434345245361,0.48437410593032837,-0.6779225468635559,-0.33149901032447815,-0.003851060289889574,-0.11602386087179184
58.45,0.12442503869533539,0.2570810616016388,-0.131348118185997,-0.19740206003189087,0.07798833400011063,0.24374763667583466
58.5,0.8377165794372559,0.6683359146118164,-0.29060837626457214,-0.07979544252157211,0.12010790407657623,0.19092921912670135
58.55,-0.4097992777824402,0.350676566362381,-0.5347147583961487,0.14054840803146362,0.000413693196605891,-0.379142165184021
58.6,-0.6756546497344971,0.3846941590309143,-0.6618777513504028,0.13075955212116241,-0.05293190851807594,-0.43483075499534607
58.65,-4.033443450927734,0.28401851654052734,-3.7996301651000977,-0.025949448347091675,-0.12309596687555313,0.13073445856571198
58.7,-6.39679479598999,-0.8550636172294617,-6.045402526855469,-0.7236270308494568,-0.5817692875862122,2.3093581199645996
58.75,-8.2443265914917,0.9785151481628418,1.0726490020751953,0.6326698660850525,0.017195584252476692,0.5391771793365479
58.8,6.200230598449707,1.1827501058578491,11.405961036682129,0.8378387689590454,0.7242363691329956,-0.6480699181556702
58.85,3.3956427574157715,0.4059544801712036,4.364166736602783,0.31201937794685364,0.19906744360923767,-0.9063239097595215
58.9,-1.8653972148895264,0.5242167115211487,-1.1165844202041626,0.05071204900741577,-0.06210584565997124,-0.7221562266349792
58.95,0.052743226289749146,0.384642630815506,-0.6657907366752625,-0.0951313003897667,-0.07564422488212585,-0.11036775261163712
59.0,-0.5665253400802612,-0.02367783710360527,-0.627827525138855,-0.07136379927396774,-0.2076597809791565,0.0015775102656334639
59.05,-0.7098033428192139,-0.25070953369140625,-0.21303732693195343,-0.171698659658432,-0.1901920884847641,0.35762521624565125
59.1,0.8336108922958374,-0.09106353670358658,0.057468827813863754,-0.009664013981819153,-0.15524019300937653,0.330342173576355
59.15,0.8081058263778687,0.07727906852960587,0.0278572179377079,0.1694878339767456,-0.09151852130889893,-0.032182659953832626
59.2,-0.7228152751922607,0.5645856857299805,-1.4543113708496094,0.18752604722976685,-0.06388848274946213,-0.14280560612678528
59.25,-0.43905821442604065,0.15973760187625885,-0.4428900480270386,-0.06622810661792755,-0.014884857460856438,0.1861703097820282
59.3,-0.13032996654510498,0.29959776997566223,-0.08168745040893555,-0.05261754244565964,0.09448236227035522,0.3147515654563904
59.35,0.6619845032691956,0.8481341004371643,-0.6367231011390686,0.15684787929058075,0.26298028230667114,0.0015988656086847186
59.4,-0.6691038608551025,0.201235830783844,0.14920808374881744,0.1331283450126648,0.2541673183441162,-0.07270696759223938
59.45,-1.3454749584197998,-0.03863905742764473,-0.7936891317367554,0.04972855746746063,0.19067513942718506,0.09071154147386551
59.5,0.1831187903881073,0.42266085743904114,-0.7729567885398865,-0.12521913647651672,0.08370502293109894,0.33513879776000977
59.55,-0.4842251241207123,1.0833359956741333,-0.9379246830940247,-0.3373229503631592,-0.14595867693424225,0.07483016699552536
59.6,-6.31240701675415,9.745061874389648,-14.105819702148438,-0.3078846335411072,0.23337264358997345,0.7276231646537781
59.65,-16.81296157836914,-1.0900309085845947,-38.401546478271484,0.31638303399086,3.9445269107818604,0.8550598621368408
59.7,-35.2799072265625,-1.2456904649734497,-8.582425117492676,3.1850695610046387,6.537093162536621,1.1986113786697388
59.75,-26.172391891479492,1.5851714611053467,29.668485641479492,4.41621208190918,6.036759853363037,-1.7113105058670044
59.8,-5.396170616149902,6.842647075653076,30.327659606933594,2.0519466400146484,7.924245357513428,-3.825779438018799
59.85,8.958415031433105,8.852099418640137,21.848548889160156,0.5929615497589111,8.908563613891602,-3.2415928840637207
59.9,21.298067092895508,3.396418809890747,12.849772453308105,-0.6616398096084595,7.830974102020264,-2.181023359298706
59.95,18.030086517333984,1.9837825298309326,5.321719169616699,-0.8116071820259094,7.4377875328063965,-0.1245104968547821
60.0,18.206981658935547,-1.207052230834961,-3.4000320434570312,0.12765708565711975,6.692523002624512,0.7844762206077576
60.05,9.76815128326416,1.040044903755188,-12.44644832611084,1.0170249938964844,6.872002601623535,1.2721823453903198
60.1,-0.4812459945678711,0.3244577646255493,-9.194063186645508,2.7151219844818115,6.890979290008545,1.0993925333023071
60.15,-3.43888783454895,0.9501715898513794,-2.769265651702881,2.6262340545654297,5.152698516845703,-0.1051507517695427
60.2,0.9356665015220642,1.5208522081375122,-0.7926239967346191,1.4994733333587646,4.083832740783691,-0.09353839606046677
60.25,1.360259771347046,1.222092628479004,-2.732208013534546,1.1498324871063232,3.964665412902832,-0.18122467398643494
60.3,2.775188446044922,2.4450483322143555,-2.486395835876465,0.7472331523895264,4.361012935638428,-0.35135674476623535
60.35,-0.17733073234558105,0.6236847043037415,-4.7981977462768555,0.33935463428497314,5.149343967437744,0.5922220349311829
60.4,-15.332679748535156,-2.097134590148926,22.556718826293945,1.303563117980957,2.763396978378296,1.4201219081878662
60.45,-5.145470142364502,0.25486505031585693,2.9311909675598145,1.176068663597107,1.095412254333496,-0.6945897936820984
60.5,-3.2923412322998047,1.4129955768585205,-1.3001476526260376,-1.3003764152526855,0.4067053198814392,-1.7304142713546753
60.55,-3.2026588916778564,0.9506772756576538,1.9177820682525635,-0.9456512928009033,0.0012003888841718435,-0.5549727082252502
60.6,-0.6870012283325195,1.2759265899658203,-3.9251527786254883,-0.5669700503349304,-0.0018793061608448625,0.1497752070426941
60.65,-6.734407424926758,6.129242897033691,-7.345015048980713,-0.4921082854270935,1.6864968538284302,1.8560783863067627
60.7,-20.337221145629883,0.24292439222335815,-3.2275094985961914,-1.1031882762908936,3.402426242828369,5.951357841491699
60.75,-39.24748611450195,-1.9214696884155273,-7.034703254699707,0.2787878215312958,2.987457513809204,0.031832560896873474
60.8,3.461359739303589,27.49673843383789,2.146916389465332,2.2621114253997803,1.7735412120819092,-6.829013824462891
60.85,41.98686599731445,-8.045612335205078,3.5272021293640137,2.343536853790283,-0.3126588761806488,-4.46694803237915
60.9,34.09706497192383,-20.09108543395996,3.627413511276245,-0.28122860193252563,-2.3156967163085938,0.9017373323440552
60.95,14.93569564819336,-4.43145227432251,6.964913845062256,-1.9052867889404297,-4.035451412200928,4.5678935050964355
61.0,-22.378612518310547,20.57491111755371,-6.020111560821533,-0.9412481784820557,-1.8808531761169434,4.942610740661621
61.05,-13.73087215423584,10.58987808227539,-4.852663516998291,-0.3551366329193115,0.36182737350463867,-1.5479819774627686
61.1,-3.297414779663086,2.1169896125793457,0.37090396881103516,-0.7851367592811584,0.012953701429069042,-1.2877693176269531
61.15,-2.772118330001831,0.4550029933452606,0.9084007740020752,-0.7134044170379639,-0.48583316802978516,1.0758243799209595
61.2,4.064258575439453,-0.9821770787239075,-1.0497530698776245,-0.4764833450317383,-1.7437182664871216,1.4057682752609253
61.25,2.361971855163574,0.2417515069246292,-2.153235912322998,-0.12119090557098389,-0.5155107975006104,-0.1589510589838028
61.3,-1.7570161819458008,0.8585731983184814,0.697746753692627,-0.2349134385585785,0.388348788022995,-0.9623657464981079
61.35,-0.6790748238563538,0.5667372941970825,1.2040101289749146,0.037536025047302246,0.05431179702281952,-0.34974581003189087
61.4,0.5798499584197998,0.19179247319698334,-0.39904895424842834,0.2813125252723694,-0.25103625655174255,-0.14570418000221252
61.45,0.1618170142173767,-0.3926706612110138,0.7307410836219788,0.2228388786315918,-0.11537571251392365,-0.4452745318412781
61.5,-0.4498412013053894,0.28060823678970337,0.2257850170135498,0.45549097657203674,0.17962630093097687,-0.6502180695533752
61.55,-0.5882030725479126,0.6192446351051331,0.03178141266107559,0.5515673160552979,0.37558513879776,-0.5934948921203613
61.6,-2.1716132164001465,1.5502941608428955,-0.9769996404647827,0.4786454141139984,0.3117840588092804,-0.481566458940506
61.65,-4.341922283172607,2.687338352203369,-0.6924763321876526,0.38203346729278564,0.3148863911628723,0.5381196141242981
61.7,-11.778022766113281,1.881736397743225,-0.8918255567550659,0.40519535541534424,-0.23168529570102692,2.5614676475524902
61.75,14.284674644470215,-6.058980464935303,-18.704448699951172,0.1504928171634674,1.3118197917938232,-0.5018770694732666
61.8,22.053482055664062,-6.756862640380859,-7.480184078216553,-0.16326762735843658,-0.7312146425247192,-0.07491600513458252
61.85,6.3423357009887695,0.2896878719329834,-0.6802594661712646,0.02983763813972473,0.023274771869182587,-0.45310235023498535
61.9,-0.032145388424396515,1.2653504610061646,-0.19744350016117096,-0.2765204608440399,-0.4173392951488495,0.11815588176250458
61.95,0.5714349746704102,-0.22885611653327942,0.38865435123443604,-0.19979709386825562,-0.6383957862854004,0.7801803350448608
62.0,0.23803460597991943,-0.2177457958459854,0.5365993976593018,0.2624027729034424,-0.02570236288011074,0.6675010919570923
62.05,0.4781250059604645,-0.3808336853981018,0.31604453921318054,0.39673322439193726,0.2954358458518982,0.6218467354774475
62.1,0.48638051748275757,0.4939127564430237,0.3981724679470062,0.27976924180984497,0.26376423239707947,0.37032219767570496
62.15,-0.8668196201324463,0.8266860842704773,0.07511305063962936,0.3666582703590393,0.6751376986503601,0.1743929535150528
62.2,-0.03983571380376816,0.2676420509815216,0.08168134838342667,0.22408005595207214,0.38259318470954895,0.15802475810050964
62.25,-0.061572425067424774,0.07400038093328476,0.20585499703884125,-0.0613720566034317,-0.12282092869281769,0.006344297900795937
62.3,0.2472280114889145,0.14452268183231354,0.22580517828464508,-0.07791363447904587,-0.09273739159107208,-0.08984110504388809
62.35,-0.06588709354400635,0.35318660736083984,-0.5910863876342773,-0.06740017235279083,0.08851628750562668,-0.350777268409729
62.4,-0.5003231763839722,0.1692066639661789,0.3953990936279297,-0.1892397105693817,0.17307493090629578,-0.6252942681312561
62.45,-0.42730170488357544,-0.28300565481185913,1.4569367170333862,-0.13807567954063416,0.14020994305610657,-0.6803458333015442
62.5,-0.15705813467502594,-0.006776782218366861,0.4944893717765808,0.09345792233943939,0.06602384895086288,-0.5472726821899414
62.55,-1.7101455926895142,0.6762667894363403,-0.5131413340568542,0.0788872092962265,0.07854916155338287,-0.4543030858039856
62.6,-1.6848195791244507,0.8648807406425476,0.3457971215248108,-0.10274676233530045,0.3980816602706909,-0.05413098633289337
62.65,0.6213183403015137,0.3964740037918091,1.740569829940796,-0.11058562994003296,0.5301753878593445,0.5515525937080383
62.7,3.8048384189605713,-0.37899520993232727,-1.2836095094680786,-0.07464754581451416,-0.069327212870121,0.28748786449432373
62.75,0.0017107725143432617,0.17463670670986176,-3.3746213912963867,-0.638544499874115,-0.7801491022109985,-0.6667941212654114
62.8,-2.7550642490386963,1.1173222064971924,1.1283493041992188,-0.8789638876914978,-0.7755699157714844,-0.9358675479888916
62.85,-1.878287672996521,1.0115349292755127,1.9404441118240356,-0.4167953133583069,-1.3003265857696533,0.2932736873626709
62.9,-0.532846212387085,-0.37584975361824036,0.06594503670930862,-0.1038936972618103,-1.3506667613983154,1.3092213869094849
62.95,-0.7464354038238525,-0.12709622085094452,-1.3204890489578247,0.19488593935966492,-0.3906419575214386,1.0457990169525146
63.0,-0.2681853175163269,-0.041972193866968155,-0.913394570350647,0.13372665643692017,0.3791188597679138,0.5245180130004883
63.05,0.8537771105766296,-0.09154222905635834,1.165050745010376,0.06560902297496796,0.8264397382736206,0.20415964722633362
63.1,-0.2391723096370697,0.455999493598938,0.8927195072174072,0.29931411147117615,0.7062535881996155,0.013786998577415943
63.15,-0.4600300192832947,0.5100632309913635,-0.6547561287879944,0.20790380239486694,0.00019795440312009305,0.008516952395439148
63.2,0.15000306069850922,0.26428893208503723,-0.08943377435207367,-0.12029401957988739,-0.543011486530304,-0.04661357402801514
63.25,0.3331673741340637,0.26549530029296875,-0.07611842453479767,-0.07806902378797531,-0.2960980236530304,-0.2522946298122406
63.3,1.21194589138031,0.08881181478500366,-0.45943063497543335,-0.03708970546722412,-0.17314016819000244,-0.593338131904602
63.35,0.9976493120193481,-0.12950235605239868,-0.2688511908054352,0.029959052801132202,-0.09207071363925934,-0.8732737302780151
63.4,0.1568179428577423,-0.2079029232263565,0.39664092659950256,0.013025283813476562,-0.14672571420669556,-1.156261682510376
63.45,-0.48425227403640747,0.1611185371875763,-0.09150434285402298,0.1161222755908966,0.12659665942192078,-1.1027281284332275
63.5,-1.891723871231079,1.1610453128814697,0.15235234797000885,0.04153686761856079,0.17435254156589508,-0.8533583879470825
63.55,-1.9302895069122314,1.7000125646591187,0.5577245950698853,0.0349377878010273,0.04213497415184975,-0.021490858867764473
63.6,13.16596794128418,-3.7741832733154297,1.6225545406341553,0.07640877366065979,0.25389623641967773,0.9541151523590088
63.65,23.44713592529297,-2.214794397354126,-0.1585313230752945,-0.8631105422973633,0.4851221740245819,-0.31928667426109314
63.7,16.277193069458008,1.6162906885147095,0.8415752649307251,-1.3165024518966675,1.2821451425552368,-1.4411423206329346
63.75,2.976248025894165,0.6247909069061279,-4.094559192657471,-1.1646534204483032,4.469761371612549,-0.38757026195526123
63.8,-11.417680740356445,-3.6986782550811768,-6.532490253448486,-1.2370976209640503,6.237990379333496,1.6217902898788452
63.85,-18.187116622924805,0.24021311104297638,-1.1183977127075195,-0.49734339118003845,6.044679641723633,1.4787988662719727
63.9,-1.6781878471374512,9.449129104614258,-9.407599449157715,0.9894207715988159,2.596766710281372,-2.7528164386749268
63.95,-1.6364631652832031,4.211029529571533,-6.077512741088867,0.8098366260528564,0.38685962557792664,-3.6273396015167236
64.0,-0.8521966934204102,1.039191484451294,0.8289617896080017,-0.29126912355422974,-0.09307409077882767,-1.5725276470184326
64.05,-0.22483837604522705,0.25584325194358826,0.9874875545501709,-0.320771723985672,-0.09797157347202301,-0.2768194377422333
64.1,-0.06397438049316406,0.04752165079116821,1.0894933938980103,-0.15535707771778107,-0.131119504570961,0.10133808106184006
64.15,-0.20668375492095947,0.15148262679576874,0.6236051321029663,-0.002107277512550354,-0.08881984651088715,0.09536760300397873
64.2,0.2778094410896301,0.3285399079322815,1.031329870223999,0.04599929228425026,0.09650875627994537,0.13958361744880676
64.25,0.16768360137939453,0.2588072121143341,0.37624698877334595,0.23982223868370056,0.2025570571422577,0.04666025564074516
64.3,1.5129399299621582,-0.10736176371574402,2.285295009613037,0.13496440649032593,0.3874819874763489,-0.06421836465597153
64.35,1.1787689924240112,-0.018944770097732544,0.3842006027698517,-0.2047710418701172,2.2311489582061768,0.21326637268066406
64.4,-2.028909921646118,0.27439403533935547,-2.0417604446411133,-0.4363951086997986,3.916961431503296,0.6098014712333679
64.45,-1.0974032878875732,0.4410162568092346,-1.2139766216278076,-0.38739216327667236,3.6052985191345215,0.7320596575737
64.5,-1.068310022354126,0.6299572587013245,-1.0751579999923706,-0.3960483968257904,3.2309134006500244,0.7269001603126526
64.55,-1.1421527862548828,0.49235445261001587,-1.2304601669311523,-0.44110485911369324,2.7012646198272705,0.5627616047859192
64.6,-6.331060886383057,-0.114949069917202,-1.5060293674468994,-0.5277230739593506,1.806623935699463,0.40435895323753357
64.65,-3.2136149406433105,0.35888779163360596,-0.5358618497848511,-0.536932110786438,0.4852233827114105,0.3645501434803009
64.7,0.44180789589881897,0.469123899936676,0.5237876772880554,-0.3614771366119385,0.003439675085246563,0.5655801892280579
64.75,1.1806666851043701,0.2289457470178604,0.5970687866210938,-0.19251123070716858,-0.038714662194252014,0.3963283598423004
64.8,1.0656189918518066,0.025782564654946327,0.36994966864585876,-0.09236085414886475,0.060597799718379974,-0.20371463894844055
64.85,-0.15023574233055115,0.08294107764959335,0.15999537706375122,-0.08082379400730133,0.11367542296648026,-0.5060814023017883
64.9,-0.06188250333070755,0.23039916157722473,0.09932122379541397,-0.02130332589149475,-0.037580154836177826,-0.1267603635787964
64.95,-0.4998099207878113,0.3828974664211273,0.08767054229974747,0.07956934720277786,-0.3119412064552307,0.07250253856182098
65.0,-0.4070323705673218,0.6272364258766174,-0.727467954158783,0.15445509552955627,-0.3791787028312683,0.13395163416862488
65.05,-1.1563256978988647,0.12803365290164948,-0.818444550037384,0.13223658502101898,-0.11536405980587006,0.37507447600364685
65.1,-0.0876322090625763,-0.03372479975223541,-0.3055403232574463,-0.04128745198249817,-0.011455618776381016,0.7852412462234497
65.15,0.7302564978599548,0.28646185994148254,0.45832133293151855,-0.05400799959897995,-0.12066172808408737,0.2798280715942383
65.2,1.905044436454773,0.5110111236572266,0.7743754982948303,0.23822104930877686,-0.11713770031929016,-0.43674004077911377
65.25,2.3995935916900635,0.11134811490774155,0.8436267375946045,0.32281267642974854,-0.7336066365242004,-0.7738571166992188
65.3,-1.7306561470031738,0.019061138853430748,-0.39044439792633057,0.18717144429683685,-1.7214865684509277,-0.6717713475227356
65.35,-0.7662944793701172,0.3055897057056427,-0.35670167207717896,0.045240744948387146,-0.9461855888366699,-0.2197132706642151
65.4,0.14795511960983276,0.39538294076919556,0.12254343926906586,0.008234258741140366,-0.09444543719291687,0.08629602938890457
65.45,0.23383045196533203,1.0585434436798096,1.7311457395553589,0.06901229172945023,0.2028757929801941,0.050546351820230484
65.5,0.9685044288635254,-2.2308290004730225,13.311389923095703,1.296198844909668,0.8907700181007385,-0.2245084047317505
65.55,6.248744487762451,-4.72816801071167,7.288941860198975,4.934569835662842,1.3262746334075928,-2.409613609313965
65.6,-7.812159538269043,-5.283858776092529,3.1944968700408936,1.1921496391296387,3.6657793521881104,-0.329351007938385
65.65,-3.158754348754883,11.117802619934082,-18.753515243530273,0.9073941707611084,2.6144697666168213,1.317623257637024
65.7,-6.486712455749512,-4.1219329833984375,-11.555473327636719,1.6568214893341064,0.8851776123046875,1.656341791152954
65.75,-2.435145378112793,-1.607064962387085,8.441742897033691,-0.15070116519927979,1.2780731916427612,0.9433428049087524
65.8,0.7884600162506104,1.5318188667297363,6.113284587860107,-0.5705850124359131,0.08265358209609985,1.3460150957107544
65.85,2.560546875,0.7294588088989258,1.1362859010696411,0.12543267011642456,-0.4514911472797394,1.1332776546478271
65.9,1.4733853340148926,0.3289756774902344,0.392794668674469,0.636520266532898,-0.5668635964393616,0.32682541012763977
65.95,0.6090967655181885,-0.3474322259426117,-0.5613506436347961,0.7804504036903381,-0.7294393181800842,-0.01951969973742962
66.0,0.15121206641197205,-0.049746520817279816,0.11542884260416031,0.47633659839630127,-0.4670945107936859,-0.20988395810127258
66.05,-0.16957873106002808,0.05089760571718216,-0.10654421895742416,0.3198946714401245,-0.3972254693508148,-0.3118041455745697
66.1,-0.33119094371795654,0.03699590265750885,-0.014137683436274529,0.29075509309768677,-0.4744819700717926,-0.24030885100364685
66.15,-0.7898803949356079,-0.059779126197099686,0.3639492988586426,0.32910409569740295,-0.44198736548423767,-0.18221597373485565
66.2,0.2081727385520935,0.5892219543457031,-1.3764533996582031,0.2436654269695282,-0.6962639689445496,-0.10120558738708496
66.25,-2.3736205101013184,-1.1734380722045898,1.3435519933700562,-1.0784748792648315,0.12899929285049438,0.12032748013734818
66.3,-9.256964683532715,-2.643859624862671,3.89066743850708,-2.748232841491699,2.907681465148926,-0.2593631148338318
66.35,-0.8432719707489014,0.06770803779363632,-0.4104194641113281,-3.0630366802215576,4.510803699493408,-1.2252988815307617
66.4,9.75403881072998,-0.3031904101371765,5.016152858734131,-2.0593698024749756,7.0442023277282715,0.5716193318367004
66.45,5.837594032287598,3.4096574783325195,-5.663629055023193,-0.2668846845626831,3.7505781650543213,1.4556132555007935
66.5,1.2884008884429932,1.7806226015090942,-2.656111001968384,-0.024598747491836548,0.4443863332271576,0.6356648206710815
66.55,1.0888242721557617,0.22737592458724976,-1.1936408281326294,0.04802955687046051,-0.5729565024375916,-0.3916957974433899
66.6,1.9394510984420776,-0.04630488157272339,-2.2333407402038574,-0.1815895438194275,-1.007224440574646,-0.6974261403083801
66.65,1.5728789567947388,-0.0861121341586113,-0.8977049589157104,-0.18603484332561493,-0.4688098430633545,-0.27178993821144104
66.7,0.7280793190002441,-0.07512860000133514,-0.22572773694992065,-0.26788419485092163,-0.10251924395561218,-0.28366610407829285
66.75,0.4359598755836487,0.02072618529200554,-0.08321607112884521,-0.31906813383102417,0.08252930641174316,-0.3783538043498993
66.8,-0.3613200783729553,0.6234560608863831,0.24786967039108276,0.0070220232009887695,0.15359659492969513,-0.33615198731422424
66.85,0.5270709991455078,1.3701163530349731,1.1324087381362915,0.3324982821941376,0.15717367827892303,-0.3617073893547058
66.9,-0.9809966087341309,1.251990556716919,2.1568915843963623,-0.0034245848655700684,3.009200096130371,-1.58092200756073
66.95,0.9334919452667236,0.776467502117157,1.7929582595825195,-0.43481165170669556,7.681321620941162,-2.2830233573913574
67.0,2.246002674102783,-0.2070324569940567,-2.894049644470215,-0.5251389741897583,10.119538307189941,-2.3150486946105957
67.05,-4.081903457641602,-0.6484805345535278,-4.178341865539551,-1.1127623319625854,10.10037899017334,-1.4949324131011963
67.1,-11.56696891784668,-2.1062111854553223,24.694965362548828,-2.1161396503448486,12.350749969482422,1.1929500102996826
67.15,21.932151794433594,8.892508506774902,29.558496475219727,-0.17435476183891296,12.309636116027832,-0.8263386487960815
67.2,19.804054260253906,-2.9655067920684814,-12.699087142944336,-3.544058322906494,10.498409271240234,-4.1725687980651855
67.25,-3.505904197692871,-14.874266624450684,-31.398143768310547,-3.502044200897217,9.2494478225708,-1.103285789489746
67.3,1.2912111282348633,-0.4233285188674927,-20.878843307495117,2.3600974082946777,6.909435272216797,-0.14423507452011108
67.35,-8.084973335266113,7.228403091430664,-9.120550155639648,1.8571052551269531,4.809581756591797,-1.542248010635376
67.4,-15.928298950195312,0.9464357495307922,1.2821550369262695,-2.232516288757324,3.26418137550354,-2.8570916652679443
67.45,-7.7466888427734375,-0.12495475262403488,3.0904343128204346,-2.4318530559539795,1.7778875827789307,-2.444997787475586
67.5,-15.181102752685547,7.912243366241455,2.304551601409912,-2.6100616455078125,1.463724970817566,-1.3282157182693481
67.55,-3.308384418487549,3.8977620601654053,1.936556100845337,-0.47879233956336975,0.8823118209838867,-0.5184129476547241
67.6,2.384139060974121,0.8307200074195862,0.7313170433044434,0.051307305693626404,1.891002893447876,-0.4399144649505615
67.65,0.5004390478134155,-0.028038058429956436,-0.2280096560716629,-0.36335352063179016,2.88310170173645,-0.3663350045681
67.7,-5.3249616622924805,-0.49627965688705444,-2.0168211460113525,-0.21254923939704895,2.952785015106201,-0.1322995126247406
67.75,-3.118608236312866,0.7892963290214539,-1.7746951580047607,0.16279421746730804,1.0233453512191772,0.010015123523771763
67.8,-0.1753275990486145,0.8299475312232971,-0.8888541460037231,0.0387718640267849,0.26203224062919617,0.0789451152086258
67.85,0.46390315890312195,0.004326812922954559,0.21311792731285095,-0.010976547375321388,-0.043532077223062515,0.056211505085229874
67.9,-0.060179900377988815,0.1472959667444229,-0.007083446253091097,0.05260554701089859,-0.25837409496307373,-0.05773889273405075
67.95,-0.672382116317749,0.31598955392837524,-0.1894640475511551,0.04851444438099861,-0.20388951897621155,-0.0004941756487824023
68.0,0.11282303929328918,0.5833244919776917,-0.5323794484138489,-0.023198697715997696,-0.3460374176502228,0.1232532486319542
68.05,0.5512569546699524,-0.058514609932899475,0.2868538498878479,-0.0480179525911808,-0.47683191299438477,0.13947324454784393
68.1,0.4439257085323334,0.22769927978515625,-0.17767532169818878,0.03514617308974266,-0.497905969619751,0.028185278177261353
68.15,-0.06975105404853821,-0.09795094281435013,0.14166316390037537,0.17650070786476135,-0.4984661936759949,0.03488028049468994
68.2,-0.15400685369968414,1.1129990816116333,-0.49518921971321106,0.2236751765012741,-0.3183956742286682,0.46690627932548523
68.25,0.6933366656303406,0.8947296738624573,-0.14631387591362,-0.10100167989730835,-0.2801544666290283,0.6205739974975586
68.3,0.5614253282546997,0.5322160720825195,-0.4654875099658966,-0.09352707117795944,-0.2396397441625595,0.1576545089483261
68.35,0.265334814786911,0.2228422313928604,-0.2558085024356842,-0.1750262975692749,-0.21062368154525757,-0.042621418833732605
68.4,0.03660960495471954,0.1613474041223526,-0.07953859865665436,-0.20240670442581177,-0.12465507537126541,-0.06287477910518646
68.45,0.1753179132938385,0.2658596336841583,-0.08860526978969574,-0.10245947539806366,-0.042137742042541504,-0.0274652112275362
68.5,0.15497079491615295,0.22577384114265442,0.007094813976436853,0.05913428217172623,0.028204012662172318,-0.04239406809210777
68.55,0.2810450792312622,0.21643735468387604,-0.025919051840901375,0.003016763599589467,-0.004545275121927261,-0.009631175547838211
68.6,0.43958020210266113,0.3703889846801758,-0.19879809021949768,-0.09966258704662323,-0.03725985437631607,0.00576429208740592
68.65,0.2270212471485138,0.41707903146743774,0.06263880431652069,-0.08695828914642334,-0.019812891259789467,0.014982878230512142
68.7,0.29450756311416626,0.29008010029792786,0.07071754336357117,-0.05891810730099678,0.00565540324896574,0.08258703351020813
68.75,0.1804567277431488,0.2369394451379776,-0.32345038652420044,0.03070920892059803,0.028657132759690285,0.060908716171979904
68.8,0.18150076270103455,0.2986803352832794,-0.0807470753788948,0.1640874147415161,0.07215265929698944,-0.0012693734606727958
68.85,0.065100759267807,0.3506479561328888,-0.12031184881925583,0.08118903636932373,0.03802790492773056,-0.022381018847227097
68.9,0.23494945466518402,0.2788095474243164,-0.1391277313232422,-0.06461478024721146,-0.032572925090789795,0.009476318955421448
68.95,0.016930658370256424,0.31101515889167786,-0.1467401683330536,-0.11136911809444427,-0.054104287177324295,-0.010044592432677746
69.0,0.12523338198661804,0.26934435963630676,0.11020409315824509,-0.021584197878837585,0.005227469839155674,-0.04978886619210243
69.05,0.33830970525741577,0.25680068135261536,0.00971992313861847,0.010673262178897858,0.017336197197437286,-0.048639267683029175
69.1,0.15960311889648438,0.26638129353523254,-0.1898312121629715,-0.02654087170958519,-0.004723809193819761,-0.04346640035510063
69.15,0.19983261823654175,0.30165961384773254,-0.006696623284369707,-0.06349136680364609,-0.0016926854150369763,0.00027052490622736514
69.2,0.25199639797210693,0.30332472920417786,-0.03152446821331978,-0.04571547359228134,0.006497865542769432,-0.002934140618890524
69.25,0.1288292407989502,0.2296285778284073,-0.06623859703540802,-0.04144441336393356,0.0058956993743777275,-0.018068667501211166
69.3,0.18763893842697144,0.222538024187088,0.07848747074604034,-0.0459810271859169,5.648387013934553e-05,-0.0061784908175468445
69.35,0.13654276728630066,0.20040610432624817,0.08115877956151962,-0.026577142998576164,0.008554143831133842,-0.014320789836347103
69.4,0.11288120597600937,0.22417356073856354,-0.1509614884853363,-0.004818734712898731,0.009570061229169369,-0.006728391628712416
69.45,0.1886419653892517,0.289676696062088,-0.07696068286895752,-0.020525828003883362,0.005200434476137161,0.012011896818876266
69.5,0.18706153333187103,0.3673763573169708,-0.12023822963237762,-0.017437301576137543,0.004336903337389231,-3.2863788419490447e-06
69.55,0.09379537403583527,0.30196669697761536,-0.042628031224012375,-0.01484210416674614,-0.003101370995864272,0.0005679897149093449
69.6,0.12498035281896591,0.27196791768074036,-0.004944125656038523,-0.009975049644708633,-0.007872622460126877,0.005997666623443365
69.65,0.08275288343429565,0.23244956135749817,0.02370378188788891,-0.012544776313006878,-0.010332577861845493,-0.014354530721902847
69.7,0.06294296681880951,0.25643160939216614,-0.024888992309570312,0.003382265567779541,-0.009941541589796543,-0.028879938647150993
69.75,0.09125655144453049,0.27193740010261536,-0.03711887449026108,0.0044599128887057304,-0.008948497474193573,-0.03492828831076622
69.8,0.1358911395072937,0.25290873646736145,-0.06432931125164032,0.0016343668103218079,-0.002969275461509824,-0.03678617626428604
69.85,0.06579217314720154,0.2234964668750763,-0.06749790161848068,0.0034620855003595352,-0.0022731164935976267,-0.03776384890079498
69.9,0.07884290814399719,0.2649059593677521,0.014479930512607098,0.005055094137787819,-0.00831654667854309,-0.034867435693740845
69.95,-0.006828822195529938,0.2452268898487091,-0.045906007289886475,0.01334274560213089,-0.004311749245971441,-0.0541146844625473
70.0,0.011834803968667984,0.2526741325855255,-0.06998899579048157,0.005716298706829548,0.003643041243776679,-0.03324862942099571
70.05,0.027053896337747574,0.2518053352832794,-0.0095852455124259,0.0013995738700032234,-0.001125497161410749,-0.014014534652233124
70.1,0.026058901101350784,0.21362116932868958,0.0318201519548893,-0.006253490224480629,-0.0002047278976533562,-0.012834357097744942
70.15,0.031230028718709946,0.19277098774909973,-0.04551136866211891,-0.006684780120849609,0.0034001097083091736,-0.014710010960698128
70.2,0.029535843059420586,0.29494574666023254,-0.030568698421120644,-0.014329343102872372,0.009053756482899189,-0.010053332895040512
70.25,-0.05872086435556412,0.1734342724084854,0.06845513731241226,-0.008691408671438694,0.00964380893856287,-0.000946799642406404
70.3,-0.032973043620586395,0.17923833429813385,0.0034115049056708813,0.002552084857597947,0.013935182243585587,-0.004181585740298033
70.35,0.07585707306861877,0.20801261067390442,-0.01991262659430504,-0.003438301384449005,0.012751166708767414,0.012035838328301907
70.4,0.0577186644077301,0.303836852312088,-0.03131625056266785,-0.012488596141338348,0.007648528553545475,0.020134959369897842
70.45,0.07926367223262787,0.3309679329395294,-0.011173921637237072,-0.021152906119823456,0.0076553355902433395,0.0187532939016819
70.5,0.034722086042165756,0.25823214650154114,0.03929787874221802,-0.016229569911956787,0.0024428681936115026,0.008564198389649391
70.55,0.04326659068465233,0.2682199776172638,0.03126890957355499,-0.010237010195851326,0.00043545776861719787,0.0014134244993329048
70.6,0.0634208470582962,0.2887888252735138,0.023586299270391464,0.010699789971113205,7.887704850872979e-05,-0.0199916772544384
70.65,0.06293055415153503,0.2516813576221466,-0.015810880810022354,0.026867179200053215,0.00252798805013299,-0.03582211211323738
70.7,0.05503854155540466,0.2695627510547638,-0.01961399056017399,0.016587499529123306,-0.0019826272036880255,-0.037379223853349686
70.75,0.010422375053167343,0.25421908497810364,-0.00039860393735580146,-0.0025135939940810204,-0.0013965268153697252,-0.024231325834989548
70.8,-0.0068982429802417755,0.274291068315506,-0.07330530881881714,-0.01411362737417221,0.0013666166923940182,-0.003436305094510317
70.85,-0.08520475029945374,0.21196845173835754,-0.0005378559581004083,-0.016518624499440193,0.0009354065405204892,0.004397231619805098
70.9,0.023701928555965424,0.2341499626636505,-0.0028502950444817543,-0.015932822600007057,0.008683795109391212,0.025162681937217712
70.95,0.00532914325594902,0.3042173683643341,-0.002245076932013035,-0.007955877110362053,0.012019114568829536,0.03418196365237236
71.0,0.03788106143474579,0.25266364216804504,0.030298050493001938,-0.0011464795097708702,0.0049401987344026566,0.028159938752651215
71.05,-0.00893176905810833,0.29003432393074036,0.0008243858464993536,-0.005230226553976536,0.0035315528512001038,0.014833123423159122
71.1,-0.006894734688103199,0.28827765583992004,-0.027783529832959175,-0.008155439049005508,0.00899133738130331,0.002264605136588216
71.15,-0.006614112760871649,0.26886656880378723,-0.01816677860915661,-0.007816188037395477,0.0040860348381102085,-0.011122487485408783
71.2,0.0202042069286108,0.1868581920862198,0.06060014292597771,-0.0074882470071315765,0.003819616511464119,-0.018688276410102844
71.25,0.006198721006512642,0.23243048787117004,0.05577356368303299,-0.007822558283805847,-0.0019018054008483887,-0.021286044269800186
71.3,0.0348067432641983,0.2781095802783966,-0.001750150928273797,-0.0012192856520414352,-0.0030360484961420298,-0.018302619457244873
71.35,-0.01857849210500717,0.3030748665332794,-0.10823353379964828,0.0012068352662026882,-0.004276871681213379,-0.007840726524591446
71.4,0.00400865264236927,0.2801647484302521,0.0057068332098424435,-0.0010585355339571834,-0.005870974622666836,-0.0025633638724684715
71.45,-0.01743769459426403,0.23465827107429504,0.007384632248431444,0.014858605340123177,-0.0024610389955341816,-0.013299819082021713
71.5,0.013083036988973618,0.24791434407234192,-0.009396743029356003,0.022587191313505173,-0.011899224482476711,-0.008336354047060013
71.55,0.012982980348169804,0.3036241829395294,-0.04378080740571022,0.05806473642587662,-0.00457567535340786,-0.021873189136385918
71.6,0.0062255337834358215,0.28353503346443176,-0.07312178611755371,0.024399757385253906,-0.015144944190979004,-0.028883129358291626
71.65,-0.05796808749437332,0.2178812325000763,-0.02362884394824505,0.06637004017829895,-0.0035736458376049995,-0.015004035085439682
71.7,0.08629046380519867,0.37687212228775024,-0.18560725450515747,0.22849297523498535,0.040712811052799225,-0.025270624086260796
71.75,0.06009526550769806,0.366881400346756,-0.03859998285770416,0.148887038230896,0.02615990675985813,-0.04162095859646797
71.8,0.11421708017587662,0.18585874140262604,0.15655700862407684,0.09841648489236832,0.0024248987901955843,-0.06191793829202652
71.85,0.09086527675390244,0.22965148091316223,0.09080955386161804,0.045476123690605164,-0.031131088733673096,-0.05734243243932724
71.9,0.0824357122182846,0.24912264943122864,0.16196881234645844,0.0007986854761838913,-0.04984414577484131,-0.04010583087801933
71.95,0.05321863666176796,0.26844504475593567,0.03868550434708595,0.06880614161491394,-0.02304135076701641,-0.0712200477719307
72.0,-0.03420328348875046,0.27037718892097473,0.10154242813587189,0.057621974498033524,-0.017730385065078735,-0.05627867579460144
72.05,-0.018007801845669746,0.34676459431648254,-0.027228934690356255,0.16533726453781128,0.03612716868519783,-0.1053052768111229
72.1,-0.04028067737817764,0.2904196083545685,-0.025265399366617203,0.1122589260339737,0.02446947619318962,-0.10779909044504166
72.15,0.04888492822647095,0.25440123677253723,0.03323740139603615,0.05539330467581749,0.0023758690804243088,-0.08146796375513077
72.2,0.01755595952272415,0.27384284138679504,-0.023007068783044815,0.033968713134527206,-0.016093846410512924,-0.06746397912502289
72.25,0.0661495253443718,0.1983661949634552,0.015145034529268742,-0.01783444546163082,-0.03733072429895401,-0.03948616236448288
72.3,0.11920829862356186,0.40473276376724243,-0.18290597200393677,-0.07805925607681274,-0.10602831095457077,0.04794970899820328
72.35,0.07717246562242508,0.35308554768562317,0.01587809808552265,-0.1647302657365799,-0.19820775091648102,0.10321289300918579
72.4,-0.03527693450450897,0.284972220659256,0.042345695197582245,-0.07205542176961899,-0.14264367520809174,0.025954874232411385
72.45,0.24391961097717285,0.28194716572761536,0.030670324340462685,0.057524655014276505,-0.04197832569479942,-0.039888422936201096
72.5,0.060987163335084915,0.2350321114063263,0.043425485491752625,0.08580923080444336,-0.024573681876063347,-0.11720526218414307
72.55,0.07400703430175781,0.24642851948738098,-0.004435230046510696,0.15901710093021393,0.002586215501651168,-0.20126944780349731
72.6,-0.05189523845911026,0.392794668674469,-0.19973167777061462,0.17604728043079376,-0.014023710042238235,-0.2204037606716156
72.65,0.09330573678016663,0.33440497517585754,-0.01937115751206875,-0.00624493882060051,-0.06089559942483902,-0.09273463487625122
72.7,0.17597274482250214,0.10495855659246445,0.3317466080188751,-0.01181262731552124,-0.016856713220477104,-0.10406826436519623
72.75,0.016431014984846115,0.272978812456131,-0.03877170383930206,0.32085511088371277,0.11461252719163895,-0.22067010402679443
72.8,0.5836235880851746,0.10523512959480286,0.8449966907501221,0.3930007219314575,0.19919845461845398,-0.21423105895519257
72.85,0.674461841583252,0.42083075642585754,0.11298342794179916,0.6471543312072754,0.3918774724006653,-0.48454099893569946
72.9,-0.03157458454370499,0.36529257893562317,-0.1988905817270279,0.4418982267379761,0.28693887591362,-0.6449823379516602
72.95,-0.20768368244171143,0.23723700642585754,-0.11111609637737274,0.1463758945465088,0.13714244961738586,-0.4375673532485962
73.0,-0.9330369234085083,0.13405516743659973,-0.3831183910369873,-0.02115536481142044,0.04861130192875862,-0.16225917637348175
73.05,-0.21255458891391754,0.3408031761646271,-0.34611934423446655,-0.19187217950820923,-0.04001443460583687,0.3434864282608032
73.1,0.1142483502626419,0.3938484489917755,-0.2590089440345764,-0.15767693519592285,-0.15922996401786804,0.295291930437088
73.15,-0.3933778703212738,0.21672825515270233,-0.09423671662807465,-0.11483743786811829,-0.21487759053707123,0.1428944170475006
73.2,0.08674949407577515,0.2989549934864044,0.006669080816209316,-0.15113325417041779,-0.13591615855693817,0.33634620904922485
73.25,0.7782083749771118,0.3628597557544708,0.39474084973335266,-0.19473092257976532,-0.08955089747905731,0.40471720695495605
73.3,0.22258946299552917,0.17171193659305573,0.26377514004707336,-0.0790422186255455,-0.023622898384928703,0.23225757479667664
73.35,0.028367511928081512,0.26885417103767395,-0.06735458970069885,-0.02621002495288849,0.007074912078678608,0.2190944254398346
73.4,-0.1940731406211853,0.23903563618659973,-0.12234412133693695,-0.03371426463127136,0.0011581782018765807,0.30176395177841187
73.45,0.0516408234834671,0.3098020851612091,-0.027265995740890503,-0.0211745947599411,0.008752393536269665,0.35534292459487915
73.5,0.0026055946946144104,0.21954825520515442,0.05588039383292198,-0.01683330535888672,0.009250078350305557,0.3813696503639221
73.55,0.0636168047785759,0.29716208577156067,-0.048202257603406906,0.0019907206296920776,-0.01759473793208599,0.39229023456573486
73.6,0.3594478368759155,0.35886576771736145,0.23233355581760406,-0.0032314956188201904,-0.0821559950709343,0.38286924362182617
73.65,-0.09866531193256378,0.45650967955589294,0.3284577429294586,0.16448485851287842,-0.010707595385611057,0.309929758310318
73.7,-0.5928707122802734,0.8453781008720398,0.43195614218711853,0.631761908531189,0.3649727404117584,0.39164528250694275
73.75,-0.20967420935630798,0.7950021028518677,-0.18083156645298004,1.0047391653060913,1.0756205320358276,0.37513577938079834
73.8,-0.8665887713432312,0.4801531732082367,-0.12263056635856628,0.9849835634231567,1.4604241847991943,0.40581098198890686
73.85,-1.864387035369873,0.22088538110256195,0.0610777884721756,1.0563561916351318,1.905099868774414,0.5600067377090454
73.9,-1.240222692489624,0.3217097222805023,0.5214753150939941,0.9900681972503662,2.379865884780884,0.8555818200111389
73.95,-0.4110032320022583,0.139655202627182,1.1304330825805664,1.032133936882019,2.7595667839050293,1.1496167182922363
74.0,-0.0674462616443634,0.12453370541334152,0.8296158313751221,1.1683745384216309,3.0307300090789795,1.223375916481018
74.05,-0.9675291776657104,-0.33525559306144714,0.8125162124633789,1.0719512701034546,3.2411139011383057,1.151055097579956
74.1,-1.8158962726593018,-0.0728834718465805,1.62954580783844,0.7251557111740112,4.00585412979126,1.3933836221694946
74.15,-2.122483253479004,0.22296731173992157,1.0589102506637573,0.2859448194503784,4.848597049713135,1.6813616752624512
74.2,-5.411952972412109,0.11011721193790436,0.7670929431915283,-0.8864909410476685,4.931816101074219,1.3686306476593018
74.25,-5.476680755615234,0.7757696509361267,1.5777406692504883,-0.9845870137214661,3.704507827758789,1.2165193557739258
74.3,-2.0308499336242676,2.1008734703063965,1.1845418214797974,-0.48160189390182495,2.4056971073150635,0.3740435838699341
74.35,0.6994854211807251,1.500062346458435,2.230417251586914,-0.16533708572387695,2.0867154598236084,-0.7314455509185791
74.4,2.3134422302246094,1.8136951923370361,1.132653832435608,-0.4359242916107178,1.8017197847366333,-1.6941598653793335
74.45,4.318688869476318,1.052805781364441,-2.193181037902832,-0.8742705583572388,1.559244990348816,-2.32244873046875
74.5,4.172474384307861,0.1567646563053131,-3.8551435470581055,-1.196373462677002,1.1601042747497559,-2.742795944213867
74.55,4.383975982666016,-0.8551267981529236,-3.223416328430176,-1.4312140941619873,0.9561333656311035,-2.840451240539551
74.6,4.82014274597168,-1.2657980918884277,-3.2385141849517822,-1.376072645187378,1.243923544883728,-2.5908656120300293
74.65,4.250399112701416,-1.7034754753112793,-2.321765661239624,-0.7965784072875977,1.5728355646133423,-2.4071102142333984
74.7,4.2530012130737305,-1.072776198387146,-1.614125370979309,-0.8363343477249146,1.7432396411895752,-2.424785614013672
74.75,5.195609092712402,0.10588427633047104,-1.9757072925567627,-0.9556478261947632,1.8337767124176025,-1.324718713760376
74.8,2.4647278785705566,0.30988582968711853,-1.9403271675109863,0.021191328763961792,1.5433744192123413,0.5629212856292725
74.85,1.827297329902649,0.25430572032928467,-1.9227492809295654,0.5416043400764465,1.1829203367233276,1.4170929193496704
74.9,2.8366198539733887,-0.5639374256134033,-1.3345701694488525,0.8949508666992188,0.7107668519020081,2.2300338745117188
74.95,3.3283281326293945,-0.2667286992073059,-3.3260464668273926,1.293901801109314,-0.32678189873695374,2.4181714057922363
75.0,2.7188758850097656,2.14762020111084,-2.62380313873291,1.7982326745986938,-0.4027402997016907,2.580254554748535
75.05,1.0248647928237915,2.676226854324341,0.5325670838356018,2.140038013458252,-0.426054447889328,2.8036229610443115
75.1,-2.4908766746520996,4.731260299682617,3.3503870964050293,1.4418481588363647,-0.45400601625442505,2.498469591140747
75.15,-5.015261650085449,0.5602202415466309,4.776614189147949,1.073420524597168,0.3690612316131592,2.693333387374878
75.2,-5.717398166656494,-3.564985752105713,4.16644287109375,0.30624210834503174,0.8358321189880371,2.3332743644714355
75.25,-3.690507411956787,-4.2885637283325195,3.267716407775879,-0.2439005970954895,0.9931488633155823,1.540055513381958
75.3,-1.0372200012207031,-3.3957245349884033,3.1523799896240234,-0.395887553691864,0.6967540979385376,0.6727907061576843
75.35,0.02386772632598877,-1.7600117921829224,2.1268677711486816,-0.55733323097229,0.3184242248535156,0.15476837754249573
75.4,0.9080053567886353,-1.284180760383606,1.835426688194275,-0.6595079898834229,0.23636406660079956,0.1099935919046402
75.45,1.2568066120147705,-0.23266318440437317,0.9387796521186829,-0.7487002015113831,-0.04701681807637215,0.13594353199005127
75.5,0.5358168482780457,0.414305716753006,-0.06012246385216713,-0.6618906259536743,-0.23500937223434448,0.24504613876342773
75.55,-3.027754783630371,-0.9365357756614685,1.6837503910064697,-1.1278293132781982,-0.11921090632677078,0.5814231634140015
75.6,-3.463686943054199,1.8001588582992554,-0.20183135569095612,0.17133231461048126,0.5415981411933899,0.5666738748550415
75.65,-3.227342367172241,2.355241060256958,-2.863945484161377,3.198188066482544,0.7432991862297058,0.11248449981212616
75.7,-4.1574530601501465,2.509864091873169,-2.3343560695648193,2.4474406242370605,-0.01828749291598797,-0.1718817949295044
75.75,-0.2876487672328949,0.9227630496025085,1.1105856895446777,-0.10716864466667175,-0.23503483831882477,0.22144557535648346
75.8,0.30599892139434814,0.045424435287714005,-0.4193643033504486,-0.3919292986392975,-0.07592262327671051,0.09396325796842575
75.85,-0.3998964726924896,0.1720552295446396,-0.8694883584976196,-0.7131277322769165,0.2929125130176544,-0.11172331869602203
75.9,-0.03402918577194214,0.16402721405029297,-0.35406020283699036,-1.0773615837097168,0.5439256429672241,-0.046611156314611435
75.95,0.26455244421958923,0.11147025227546692,0.4722936451435089,-0.8692364692687988,0.5420250296592712,-0.06534451246261597
76.0,0.05640876293182373,0.36115366220474243,0.6797869801521301,-0.41069546341896057,0.3013192415237427,-0.19714216887950897
76.05,0.8869092464447021,0.4546690881252289,1.3794382810592651,-0.08196036517620087,0.10745904594659805,-0.3582155108451843
76.1,0.10629701614379883,0.46505653858184814,1.1270034313201904,0.19107405841350555,-0.1960596740245819,-0.4762847125530243
76.15,-0.22834843397140503,0.15842534601688385,-0.2132648080587387,0.3587084710597992,-0.09035813063383102,-0.2985498905181885
76.2,-0.32163113355636597,0.29216769337654114,-0.3689352571964264,0.18216584622859955,0.21895554661750793,-0.20343557000160217
76.25,-0.3137042820453644,0.30101969838142395,-0.4398292601108551,-0.14537446200847626,0.46950602531433105,-0.2356835901737213
76.3,-0.07141321152448654,0.13945676386356354,-0.1063307449221611,-0.3492850661277771,0.5037155747413635,-0.24824944138526917
76.35,-0.22678107023239136,0.33882907032966614,-0.022052885964512825,-0.45391255617141724,0.5285594463348389,-0.29195308685302734
76.4,-0.3360386788845062,-0.011607174761593342,-0.3522758483886719,-0.5023190379142761,0.4388360381126404,-0.23536375164985657
76.45,-1.0260028839111328,-0.46727854013442993,-1.0221235752105713,-0.47800377011299133,0.2279282659292221,-0.023400934413075447
76.5,0.21377259492874146,0.2225933074951172,-0.47273769974708557,-0.5751054286956787,0.034540094435214996,0.2682858407497406
76.55,0.05106961727142334,0.6920404434204102,-1.0834324359893799,-0.6791550517082214,-0.06259431689977646,0.08760618418455124
76.6,0.5946929454803467,-0.3464013636112213,-2.1562283039093018,-1.2687124013900757,-0.09237711131572723,-0.015768712386488914
76.65,4.218481540679932,-0.10524687170982361,-3.336035966873169,-2.4380407333374023,0.07029776275157928,0.1480802297592163
76.7,0.10679769515991211,-1.3868287801742554,-4.541073799133301,-4.139315605163574,0.09800765663385391,-0.3120511770248413
76.75,-2.3593056201934814,0.8174601197242737,-3.6272408962249756,-6.164246559143066,0.10055959969758987,0.15224742889404297
76.8,-0.28990983963012695,0.47564855217933655,-8.951251029968262,-5.856743812561035,1.5027269124984741,0.40919551253318787
76.85,4.544768333435059,0.10395282506942749,-8.289192199707031,-2.5603604316711426,1.9403303861618042,-2.9163458347320557
76.9,3.085641384124756,0.15765340626239777,-6.689309120178223,-1.1168437004089355,-0.36325764656066895,-2.893338680267334
76.95,4.164976596832275,2.8462982177734375,-0.07551438361406326,-0.12064230442047119,-1.998307704925537,-1.422544002532959
77.0,4.684231758117676,2.2356579303741455,2.1886961460113525,0.3051835894584656,-2.8190994262695312,-0.21952618658542633
77.05,5.253994941711426,-0.5685684680938721,0.8325726389884949,0.5978038311004639,-2.911311149597168,0.3661840856075287
77.1,5.396347522735596,0.2178419977426529,1.4789320230484009,0.8073288202285767,-2.941880226135254,0.711353063583374
77.15,3.084752082824707,2.501678705215454,3.130897045135498,1.0222985744476318,-2.9838321208953857,1.107630968093872
77.2,1.3434679508209229,2.5094845294952393,2.256915807723999,1.1975171566009521,-2.494936466217041,2.2959282398223877
77.25,-0.36986130475997925,-0.7793112993240356,-0.12196379899978638,1.7945348024368286,-1.5054742097854614,4.809101581573486
77.3,-1.15389883518219,-3.1320886611938477,0.3200448155403137,3.624997138977051,0.32834216952323914,5.361303329467773
77.35,-1.8508985042572021,0.7576172947883606,2.740830898284912,4.215612411499023,1.2594105005264282,4.347294807434082
77.4,-9.128569602966309,3.2975590229034424,7.187379360198975,3.8590190410614014,1.5094772577285767,3.8909082412719727
77.45,-14.153413772583008,-6.076357841491699,4.590115070343018,3.5987954139709473,2.0265591144561768,3.390061616897583
77.5,-11.863547325134277,-10.859201431274414,13.67445182800293,1.9092910289764404,4.315128326416016,0.8092440366744995
77.55,7.039623260498047,3.9593358039855957,7.39357328414917,-1.1276414394378662,3.112579345703125,-1.4052941799163818
77.6,0.214438796043396,6.005527496337891,2.9078800678253174,-1.674164056777954,0.14592194557189941,-1.759635090827942
77.65,-1.1667323112487793,2.012026071548462,1.437190055847168,-1.1820454597473145,-0.31660643219947815,0.04903237149119377
77.7,0.1690693199634552,0.35506922006607056,0.7929437160491943,-0.8390927314758301,-0.08667299151420593,0.7076249122619629
77.75,-1.1500961780548096,0.2948761284351349,-0.8147776126861572,-0.721902072429657,-0.16015563905239105,0.7098330855369568
77.8,0.5165834426879883,0.02820875681936741,0.8734197616577148,-0.8483297228813171,-0.02465956099331379,0.9586051106452942
77.85,0.5442142486572266,0.04876234382390976,0.7566556930541992,-0.5066725611686707,0.12242976576089859,0.6359310746192932
77.9,0.2225957065820694,-0.009276371449232101,0.6226834058761597,-0.25011304020881653,0.23367267847061157,0.33276328444480896
77.95,1.018284559249878,0.04796506091952324,0.9586520791053772,-0.10856086015701294,0.29240891337394714,0.07118256390094757
78.0,0.8033220767974854,0.20129302144050598,0.7558039426803589,0.18450237810611725,0.36603301763534546,-0.4931797683238983
78.05,0.10819545388221741,0.276919424533844,0.4988650381565094,0.22031256556510925,0.2587185502052307,-0.7638474106788635
78.1,0.6379207968711853,0.39391618967056274,0.8154401183128357,0.13232484459877014,0.20911018550395966,-0.7413462400436401
78.15,0.5152521133422852,0.4318934381008148,1.3310484886169434,0.14710530638694763,0.48929670453071594,-0.9889199733734131
78.2,1.8253424167633057,0.8053905367851257,2.2146942615509033,0.02132028341293335,1.11835777759552,-0.9346155524253845
78.25,-0.8366823196411133,0.380107045173645,0.7201718688011169,-0.0038111209869384766,1.6290488243103027,-0.5665950775146484
78.3,0.588312029838562,-0.34441280364990234,1.218133568763733,0.022848471999168396,1.9394659996032715,-0.45756953954696655
78.35,-0.4224778711795807,0.18238356709480286,-0.14188577234745026,0.2916675806045532,2.2871580123901367,-0.8937468528747559
78.4,-2.119162082672119,0.6835394501686096,-2.0330259799957275,0.4533322751522064,2.0281989574432373,-0.7378300428390503
78.45,-0.1436130404472351,1.4333486557006836,-1.6119701862335205,-0.3122153878211975,0.47101157903671265,0.04248283803462982
78.5,0.9559531211853027,1.5556384325027466,-1.7725132703781128,-1.6170837879180908,-0.2516133785247803,0.5307258367538452
78.55,-0.8432897329330444,0.10225186496973038,-4.187131881713867,-3.018002510070801,-0.5297377705574036,0.5806373953819275
78.6,-3.8148021697998047,-2.9100961685180664,-5.966388702392578,-5.308960914611816,-0.8725146055221558,1.3769009113311768
78.65,-0.874561071395874,2.036139726638794,-1.254604458808899,-8.194217681884766,-1.197636604309082,2.839857578277588
78.7,5.738097190856934,3.401381015777588,-14.228310585021973,-7.243541240692139,-1.0455880165100098,1.4445449113845825
78.75,13.96518325805664,-2.00679612159729,-6.889547824859619,-1.5680304765701294,-0.584032416343689,-2.7669496536254883
78.8,11.424140930175781,-2.4551146030426025,-1.6531606912612915,0.6311928629875183,-2.070702314376831,-1.4070020914077759
78.85,8.62606430053711,2.568635940551758,2.577671766281128,0.3842428922653198,-4.328238010406494,-0.4980895221233368
78.9,8.506413459777832,2.8735744953155518,5.3490190505981445,0.5553718209266663,-4.916680335998535,-0.32980406284332275
78.95,9.243077278137207,-0.7654582262039185,8.038894653320312,1.0173311233520508,-4.317795753479004,0.18435309827327728
79.0,6.17630672454834,0.1860954910516739,10.220805168151855,0.8222262263298035,-4.281254768371582,0.572966992855072
79.05,2.1060242652893066,0.24097874760627747,12.074274063110352,0.8113004565238953,-4.32025146484375,1.0328212976455688
79.1,-1.2644352912902832,-0.27646294236183167,12.097127914428711,0.2514287233352661,-3.915912628173828,1.8456408977508545
79.15,-1.8261733055114746,1.0229002237319946,9.199920654296875,-0.8520007133483887,-3.4362704753875732,3.0252819061279297
79.2,-3.5805177688598633,-2.0568110942840576,5.780819892883301,-0.9760341644287109,-2.305605173110962,4.014957904815674
79.25,-3.0029993057250977,-2.2171902656555176,2.325117826461792,-0.4006502628326416,-0.5998655557632446,3.507812023162842
79.3,-6.022583961486816,1.2541698217391968,1.1734155416488647,0.021416306495666504,0.8419588804244995,2.724086284637451
79.35,-8.079488754272461,-0.44196492433547974,-1.5589559078216553,-0.8501407504081726,0.8049476146697998,2.242159128189087
79.4,-10.516629219055176,-4.65134859085083,-4.4140849113464355,-0.314963161945343,-0.5684321522712708,1.4733774662017822
79.45,-13.712059020996094,-8.785526275634766,-1.5750703811645508,1.2722105979919434,-0.8893574476242065,0.6043656468391418
79.5,7.262235641479492,-1.4752546548843384,-3.6529109477996826,0.6155855059623718,-0.45541924238204956,2.401205539703369
79.55,0.40242719650268555,8.546112060546875,-10.02188491821289,-0.08215397596359253,0.12358325719833374,1.9244378805160522
79.6,-1.735029935836792,2.3442585468292236,-1.6057981252670288,-1.3682440519332886,-0.0738382637500763,-0.2544310688972473
79.65,-0.5881174802780151,-0.19592750072479248,2.8143138885498047,-1.1907315254211426,-0.05275126174092293,-0.5924804210662842
79.7,-0.046119093894958496,0.1433134824037552,1.3144054412841797,0.03760989010334015,0.2206837683916092,-0.17156974971294403
79.75,0.5512537956237793,0.3518333435058594,-0.08749217540025711,0.12616953253746033,0.16703902184963226,-0.180340975522995
79.8,0.24805575609207153,0.3114233613014221,0.8804209232330322,-0.23831185698509216,0.19027216732501984,-0.31139060854911804
79.85,0.049708425998687744,0.37246808409690857,1.1060709953308105,-0.10978566110134125,0.3809505105018616,-0.23499858379364014
79.9,0.1215357780456543,0.2447233945131302,1.0916697978973389,0.09662371873855591,0.5406399965286255,-0.14917239546775818
79.95,-0.16910448670387268,0.1755104660987854,0.8951923847198486,0.27432024478912354,0.5582792162895203,-0.1762557029724121
80.0,0.34476110339164734,0.24923324584960938,-0.5255711078643799,0.41050201654434204,0.5461457371711731,-0.10522560775279999
80.05,0.43409818410873413,-0.03352836146950722,-0.27717939019203186,0.22553777694702148,0.587110698223114,-0.14083260297775269
80.1,-0.16273628175258636,-0.6362276077270508,0.5514512062072754,0.10209743678569794,0.6799013018608093,-0.18163840472698212
80.15,0.11112666130065918,-0.18699736893177032,1.4520244598388672,0.3759581744670868,0.5023153424263,-0.06985776126384735
80.2,-0.35665833950042725,-0.10250558704137802,2.1164193153381348,0.7166396379470825,0.2611701190471649,-0.09235052764415741
80.25,0.3461933135986328,0.23754598200321198,0.012473716400563717,0.7712494134902954,0.09347889572381973,0.026104634627699852
80.3,0.16282427310943604,0.16132645308971405,0.8625329732894897,0.3293340802192688,0.028290757909417152,0.0822172686457634
80.35,0.2026122808456421,0.26083090901374817,0.044623441994190216,0.34544265270233154,-0.03626423701643944,0.0883600264787674
80.4,0.5663464665412903,0.22270017862319946,1.0413048267364502,0.16443994641304016,-0.03607912361621857,0.20049746334552765
80.45,0.3951076567173004,0.2368365079164505,1.1500370502471924,0.10126350075006485,-0.055812012404203415,0.13887621462345123
80.5,-0.12363883852958679,0.32613855600357056,0.767494797706604,0.10375703871250153,-0.14338651299476624,0.12825031578540802
80.55,-0.02642485499382019,0.41773900389671326,0.7833666205406189,0.13387461006641388,-0.2997751832008362,0.21869079768657684
80.6,0.1150774359703064,0.36634260416030884,0.6539275646209717,0.1538068652153015,-0.33919814229011536,0.20363746583461761
80.65,1.0548295974731445,0.122743621468544,0.9220864176750183,0.20755842328071594,-0.24685153365135193,-0.011895477771759033
80.7,-0.6027034521102905,0.3511067032814026,0.16263337433338165,0.20595751702785492,0.018056761473417282,-0.42089593410491943
80.75,-0.36802956461906433,0.377599835395813,0.7448358535766602,0.1656036376953125,0.1041274145245552,-0.006774985697120428
80.8,0.7102049589157104,1.00306236743927,-0.020702630281448364,0.4142560660839081,-0.3066764175891876,0.16135422885417938
80.85,-0.05718851089477539,0.5280047059059143,-0.5334873199462891,0.6292781829833984,-0.9646708369255066,-0.08822819590568542
80.9,0.1745760291814804,0.4031067192554474,-0.3583415746688843,0.3014522194862366,-1.0515683889389038,0.08207647502422333
80.95,-0.10532225668430328,0.36852556467056274,0.45822933316230774,-0.005713529884815216,-0.7810608148574829,0.1831796020269394
81.0,0.44057220220565796,-0.2889319360256195,-0.6959429979324341,-0.34958070516586304,-0.4919823408126831,0.2109045833349228
81.05,0.6159509420394897,0.1645498275756836,0.09915300458669662,-0.893195390701294,-0.13465537130832672,0.029164038598537445
81.1,-0.648468554019928,-0.08724971115589142,0.6450760364532471,-1.1508264541625977,0.19706964492797852,-0.33131709694862366
81.15,2.755296468734741,-0.8186048865318298,-3.7694380283355713,-0.49930644035339355,0.5810446739196777,0.07665468007326126
81.2,4.308316707611084,1.3993239402770996,-9.547870635986328,0.8225952982902527,1.658785104751587,0.5049381256103516
81.25,0.7685858011245728,1.0975160598754883,-2.373067855834961,0.14934682846069336,0.5641241073608398,-0.14348675310611725
81.3,-0.34644395112991333,0.4513483941555023,0.472506046295166,-0.6450170874595642,0.06602487713098526,-0.46400538086891174
81.35,-0.5288386940956116,0.2964363992214203,1.0021812915802002,-0.9119153618812561,0.048014480620622635,-0.55544513463974
81.4,0.2003103792667389,0.3813992142677307,0.33022424578666687,-0.9322193264961243,0.03434785082936287,-0.47846925258636475
81.45,0.12867745757102966,0.2375069409608841,0.927829921245575,-1.0231412649154663,0.16442923247814178,-0.36170902848243713
81.5,-0.08522960543632507,0.08244232833385468,0.6882432103157043,-1.0093011856079102,0.24879905581474304,-0.19915355741977692
81.55,-0.022814348340034485,0.21078205108642578,-0.5164427161216736,-1.0607855319976807,0.24201041460037231,-0.0763746052980423
81.6,-0.27550366520881653,0.42800623178482056,-0.18846523761749268,-1.2061138153076172,0.520988941192627,0.08191528916358948
81.65,-0.4560805559158325,0.3535585105419159,-1.400869607925415,-1.3463821411132812,0.6213296055793762,0.17610099911689758
81.7,-2.4151828289031982,0.01707008294761181,3.775615692138672,-0.6863547563552856,2.2435929775238037,0.5509213209152222
81.75,-2.09836745262146,0.5120526552200317,-0.060531824827194214,-0.1367766112089157,2.3040521144866943,0.6495534181594849
81.8,-1.4335224628448486,0.223641499876976,0.2698524594306946,0.44417715072631836,2.1073567867279053,0.7909253239631653
81.85,2.2681703567504883,0.1350395679473877,6.7786946296691895,1.3436799049377441,1.5605015754699707,0.49362489581108093
81.9,3.062333583831787,-1.1002331972122192,2.831976890563965,1.9838526248931885,-0.4595324695110321,-0.42356595396995544
81.95,-0.38426673412323,0.41309282183647156,3.026912212371826,1.909233570098877,-1.3410775661468506,-1.0124729871749878
82.0,-0.27458393573760986,0.46184253692626953,-1.5815279483795166,1.5458869934082031,-2.2160534858703613,-0.8642973899841309
82.05,-0.7115821838378906,0.7642765641212463,-1.3126084804534912,1.0778791904449463,-1.190509557723999,-0.48893168568611145
82.1,1.4299191236495972,0.11524377763271332,-2.0215141773223877,0.7873517870903015,-0.4254189133644104,-0.0635056421160698
82.15,0.033465102314949036,0.2656994163990021,-0.24845993518829346,0.5598349571228027,0.15542830526828766,0.060754962265491486
82.2,-1.0379645824432373,0.4587928056716919,0.5344964265823364,0.24420064687728882,0.02187415212392807,0.1572120487689972
82.25,-0.07145285606384277,0.37130266427993774,0.44845977425575256,0.15589548647403717,-0.31831541657447815,0.23893629014492035
82.3,0.5559518933296204,0.1671600192785263,-0.057099658995866776,0.07431834936141968,-0.5200446844100952,0.04053300619125366
82.35,-0.5408763885498047,0.030764661729335785,1.2547909021377563,-0.004229888319969177,-1.132196307182312,-0.3162500858306885
82.4,0.14138607680797577,0.4022836983203888,-0.6262667775154114,0.21769675612449646,-0.670081377029419,-0.18022137880325317
82.45,-0.023190736770629883,0.3130283057689667,-1.1942572593688965,0.17483291029930115,-0.16444870829582214,-0.14999687671661377
82.5,0.06798633933067322,0.28273680806159973,0.323822557926178,0.12257612496614456,0.0571061335504055,-0.019344903528690338
82.55,-0.5200024843215942,0.040724825114011765,1.0457508563995361,0.14052733778953552,0.08042571693658829,0.060033492743968964
82.6,-0.6521758437156677,0.0042410423047840595,0.5910447239875793,0.21036477386951447,-0.041783206164836884,0.20909041166305542
82.65,0.42205989360809326,1.009191632270813,0.2577192485332489,-0.07553599774837494,-0.13288290798664093,0.4357662498950958
82.7,-8.780438423156738,3.4449541568756104,10.513046264648438,-0.03774973005056381,0.3068827688694,-0.22813163697719574
82.75,-39.270751953125,-14.756367683410645,17.851688385009766,1.427381157875061,2.989617109298706,-0.07122498750686646
82.8,-15.562616348266602,0.2956945598125458,32.83116149902344,2.188690662384033,5.085360527038574,-3.0707337856292725
82.85,31.605026245117188,-5.965037822723389,28.41022491455078,0.49775171279907227,5.943414688110352,-5.323190212249756
82.9,37.535980224609375,-3.6017343997955322,5.810946464538574,-3.312894344329834,6.235169410705566,-3.4139902591705322
82.95,27.256877899169922,-3.4024224281311035,-9.229780197143555,-3.269028663635254,7.276529312133789,-0.7299496531486511
83.0,17.70006561279297,1.1603025197982788,-21.432252883911133,-2.957914113998413,8.416521072387695,0.38694337010383606
83.05,0.3937091827392578,-0.9287882447242737,-19.274770736694336,1.573544979095459,8.312271118164062,1.1596342325210571
83.1,-4.719033718109131,-1.2257866859436035,-10.753569602966309,3.977968692779541,8.826505661010742,-0.8663782477378845
83.15,-7.876852989196777,1.7821389436721802,-9.587770462036133,2.3048489093780518,9.325215339660645,-1.8546384572982788
83.2,-10.297645568847656,1.7455849647521973,-4.008779525756836,1.2053292989730835,7.133740425109863,-1.56333589553833
83.25,-1.8201158046722412,1.2870991230010986,1.0051029920578003,1.3342182636260986,4.7570414543151855,-1.1760754585266113
83.3,4.795502662658691,0.9825782179832458,-0.24382227659225464,1.2956501245498657,4.017172813415527,-0.8712204694747925
83.35,1.1240462064743042,0.4592817425727844,-4.0014238357543945,0.6936146020889282,4.239392280578613,-0.3143145442008972
83.4,-8.905328750610352,0.6825003623962402,1.4132044315338135,0.5131198167800903,3.9367690086364746,0.04392113909125328
83.45,-3.874077320098877,3.846771001815796,1.3508580923080444,-0.14836181700229645,2.48012113571167,0.16282545030117035
83.5,-3.073319911956787,2.936837673187256,0.5988977551460266,0.5846316814422607,1.6603686809539795,1.0772091150283813
83.55,-4.081760883331299,0.32398730516433716,2.446216583251953,1.323028802871704,1.312980055809021,1.8525274991989136
83.6,-10.862753868103027,-7.31838321685791,16.495668411254883,-0.1584746241569519,1.5542747974395752,0.33327481150627136
83.65,2.821666717529297,-1.550565481185913,12.214458465576172,-3.038425922393799,1.5574612617492676,-2.9694666862487793
83.7,11.146310806274414,-4.933183193206787,-32.21881866455078,-2.2362892627716064,2.93845796585083,-2.856459379196167
83.75,10.124216079711914,-4.27309513092041,-5.723654270172119,-1.1386816501617432,1.113506555557251,0.5404215455055237
83.8,1.7595436573028564,-0.811991810798645,1.5242187976837158,0.00035344064235687256,0.36117303371429443,0.484429270029068
83.85,0.88252192735672,0.2571115791797638,0.5425065755844116,0.12711185216903687,0.09817082434892654,0.32960426807403564
83.9,0.17036333680152893,0.29389482736587524,0.6547060608863831,-0.010527074337005615,-0.06312189996242523,0.1500365287065506
83.95,0.19952726364135742,0.19993309676647186,0.4506881535053253,0.0015192925930023193,0.0019289548508822918,0.06771305948495865
84.0,-0.19244587421417236,0.07707218825817108,0.6714813709259033,-0.020328599959611893,-0.10616125166416168,0.13496890664100647
84.05,-0.0408577024936676,0.2000151127576828,0.4167097806930542,-0.05038107931613922,-0.25409919023513794,0.3785145580768585
84.1,0.305593341588974,0.3687143623828888,0.5295695662498474,-0.09227349609136581,-0.30755722522735596,0.3478948175907135
84.15,0.06090614199638367,0.014888796024024487,0.7295727729797363,-0.023084349930286407,-0.2058408409357071,0.17896069586277008
84.2,-0.3691597580909729,0.29511553049087524,0.07242675125598907,-0.09155663102865219,-0.09592917561531067,0.3143250346183777
84.25,1.023330807685852,0.0587778240442276,1.0291773080825806,-0.20069439709186554,-0.1606009602546692,0.512514591217041
84.3,0.2261156439781189,0.08226875215768814,0.7629175186157227,-0.02750229835510254,0.0035080513916909695,0.4066324830055237
84.35,-2.8419270515441895,0.03976454958319664,0.7283365726470947,0.20243558287620544,0.29444292187690735,0.5742538571357727
84.4,-8.277356147766113,1.1162534952163696,2.4210574626922607,1.0450506210327148,2.7307424545288086,0.7055743336677551
84.45,2.586841344833374,-1.0808314085006714,6.684178352355957,0.910228431224823,9.505805015563965,0.11593392491340637
84.5,6.358885765075684,1.565968632698059,2.379119873046875,-0.2597149610519409,6.673562049865723,0.6344969868659973
84.55,-1.10331392288208,1.1434680223464966,0.3419485092163086,-1.1240630149841309,1.6821744441986084,-0.3624964952468872
84.6,1.0320827960968018,1.1118555068969727,-1.2596784830093384,-0.5496624708175659,0.614711582660675,0.3210847079753876
84.65,0.5443313121795654,1.222458839416504,-0.9325796961784363,-0.33017122745513916,0.958490252494812,0.8693452477455139
84.7,1.2916922569274902,-1.417115330696106,1.0853941440582275,-0.4699421226978302,0.9435766339302063,1.131753921508789
84.75,1.3425288200378418,-0.5895873308181763,-0.4739888310432434,-0.0436476469039917,1.2542531490325928,0.9642975926399231
84.8,0.18192602694034576,-0.1958484798669815,0.5954391956329346,-0.022166430950164795,1.5368722677230835,0.5474300384521484
84.85,1.0976719856262207,-0.3917676508426666,-0.7377783060073853,-0.21801194548606873,1.3489571809768677,0.17424584925174713
84.9,-0.41332143545150757,0.8049346208572388,-0.5187010169029236,-0.5826918482780457,1.4034842252731323,0.07460864633321762
84.95,-1.4797189235687256,0.8759500980377197,0.9504736065864563,-1.152300477027893,0.9483442902565002,-0.12046545743942261
85.0,-2.6218740940093994,1.5051337480545044,-5.609981536865234,-1.060348629951477,1.2298301458358765,0.2711237967014313
85.05,-12.59588623046875,-6.3380327224731445,0.08047971874475479,0.2528538107872009,4.473959445953369,0.8427515029907227
85.1,-26.31344223022461,6.249864101409912,4.753269672393799,0.3341362476348877,2.0146126747131348,-3.7161238193511963
85.15,16.296998977661133,4.679130554199219,1.798485517501831,-0.39732789993286133,1.5648428201675415,-3.513594150543213
85.2,0.5920233726501465,3.557971715927124,5.053162574768066,-1.584550380706787,0.12856316566467285,-2.82578444480896
85.25,-3.6191320419311523,1.566760540008545,1.9306658506393433,-1.5994278192520142,-0.26485151052474976,-2.226048231124878
85.3,-1.3335140943527222,-0.13368885219097137,0.7793585062026978,-1.3853862285614014,0.25611189007759094,-1.1500401496887207
85.35,-0.8201257586479187,-0.40324488282203674,2.731842517852783,-0.8459833860397339,0.532470703125,-0.15552669763565063
85.4,0.8538111448287964,0.006546054035425186,1.4274656772613525,0.10836003720760345,0.5281679630279541,0.4741140305995941
85.45,1.1309986114501953,0.6766242980957031,-0.5157080292701721,0.49851083755493164,0.10533498227596283,0.39615610241889954
85.5,0.15750692784786224,0.31610965728759766,-0.24730224907398224,0.29268699884414673,-0.1039905771613121,0.06526117771863937
85.55,-0.05525679886341095,-0.03815935179591179,0.4343595504760742,0.2164817601442337,0.005479384679347277,0.10043424367904663
85.6,-0.027696114033460617,0.1101694256067276,0.03796674683690071,0.2852630913257599,0.09000986814498901,0.31833508610725403
85.65,0.30657991766929626,0.19925788044929504,0.18300874531269073,0.2661373019218445,0.12347158044576645,0.4057863652706146
85.7,0.9573785066604614,0.35007190704345703,0.3634006083011627,0.22084611654281616,0.08022233098745346,0.3752588629722595
85.75,0.4975396990776062,0.2744598686695099,0.3291049897670746,0.212575301527977,0.08294335007667542,0.2945078909397125
85.8,-0.1079055517911911,-0.011594747193157673,0.48986756801605225,0.23479387164115906,0.0321829728782177,0.2432621717453003
85.85,0.2326590120792389,0.20476725697517395,0.3245728313922882,0.25336289405822754,0.05968547984957695,0.3129120469093323
85.9,0.3480643033981323,0.31182003021240234,-0.3296288847923279,0.20413732528686523,0.10163138061761856,0.3579889237880707
85.95,0.5239576101303101,0.19278337061405182,0.1637495458126068,0.0786454826593399,0.043113935738801956,0.317166268825531
86.0,0.736625611782074,0.4151220917701721,0.30981773138046265,0.012398235499858856,0.02585899829864502,0.24675089120864868
86.05,0.5379132628440857,0.35463717579841614,0.3567064106464386,-0.06775951385498047,0.031301818788051605,0.17552393674850464
86.1,0.019564755260944366,0.10895159095525742,0.1879335641860962,-0.09410052001476288,0.032124124467372894,0.17224442958831787
86.15,-0.16668468713760376,0.03769208490848541,0.06995043158531189,-0.060212142765522,0.019910277798771858,0.25802475214004517
86.2,-0.10067920386791229,0.1390714943408966,0.15266099572181702,-0.029197335243225098,-0.006723577156662941,0.280335396528244
86.25,0.26390954852104187,0.17485235631465912,-0.3240051567554474,0.05638875812292099,-0.19259867072105408,0.20049183070659637
86.3,-0.7251337170600891,-0.48783400654792786,-0.08211296796798706,0.1379091441631317,-0.516954243183136,0.047142308205366135
86.35,0.3525393009185791,0.6676245331764221,-0.336613267660141,0.3413804769515991,-1.389926791191101,-0.10256879776716232
86.4,1.2908201217651367,1.0048152208328247,0.582563579082489,0.3218805193901062,-2.088592052459717,-0.378907173871994
86.45,0.8142426013946533,0.8176432847976685,1.0696194171905518,0.6475260257720947,-2.5606677532196045,-0.7386607527732849
86.5,0.898983359336853,-0.038534197956323624,0.11144101619720459,0.7655583620071411,-2.2019739151000977,-0.8223664164543152
86.55,0.4008617401123047,0.2093115746974945,1.7915053367614746,0.49908924102783203,-1.581128716468811,-0.7863287925720215
86.6,-0.060930926352739334,-0.20943549275398254,0.09144403785467148,0.533272385597229,-1.137646198272705,-0.5302789211273193
86.65,-1.595231533050537,-0.015968244522809982,0.40796542167663574,0.2178393453359604,-0.6255692839622498,-0.30286288261413574
86.7,-0.7122288942337036,0.26031503081321716,0.7317739129066467,-0.16730782389640808,-0.05520186945796013,0.15319368243217468
86.75,-0.1012754887342453,0.5404568314552307,0.24810773134231567,-0.20734305679798126,0.37800270318984985,0.43725210428237915
86.8,0.2629038691520691,0.2360239177942276,-0.11828506737947464,-0.12948760390281677,0.5347901582717896,0.4550654888153076
86.85,0.6167346835136414,0.11697004735469818,-0.06292086094617844,-0.19402185082435608,0.7090751528739929,0.4706575870513916
86.9,0.25495290756225586,0.24832728505134583,0.12672889232635498,-0.3111436665058136,0.8797594308853149,0.3659091293811798
86.95,-0.12865906953811646,0.15765288472175598,0.254898339509964,-0.49154406785964966,0.9812621474266052,0.28078287839889526
87.0,0.25240612030029297,0.3229551613330841,0.44264158606529236,-0.5318734049797058,1.0438365936279297,0.29926368594169617
87.05,-0.0016939043998718262,0.2230873703956604,0.7661139369010925,-0.3767739534378052,0.7786253094673157,0.2547055184841156
87.1,-0.21582522988319397,0.14263729751110077,0.41752034425735474,-0.07038569450378418,0.4928778111934662,0.29554373025894165
87.15,0.04286409541964531,-0.0761280208826065,-0.06438042223453522,0.20013496279716492,0.3161408007144928,0.3492428660392761
87.2,0.22533974051475525,0.1299743801355362,0.03534117341041565,0.2533518373966217,0.07804731279611588,0.2691440284252167
87.25,-0.2284260392189026,0.26884275674819946,0.5697165727615356,0.25134676694869995,0.09578889608383179,0.13854563236236572
87.3,0.6356925368309021,0.0738382339477539,0.3173635005950928,0.2674665153026581,0.30877256393432617,0.016911324113607407
87.35,-0.7092859148979187,-0.1376122683286667,1.4772416353225708,0.06710624694824219,0.8845645189285278,0.1470118761062622
87.4,-1.1752022504806519,0.19515995681285858,-0.7422440052032471,0.34297412633895874,1.1880537271499634,0.6102271676063538
87.45,0.31364965438842773,0.7518110871315002,-0.9692825675010681,0.599838376045227,0.03988000378012657,0.6973017454147339
87.5,2.438015937805176,2.2202682495117188,-1.223669171333313,0.3844604194164276,-0.4080204367637634,0.4493863880634308
87.55,1.78775954246521,3.305304765701294,-2.19063138961792,-0.0073830485343933105,-0.675089955329895,-0.7285475134849548
87.6,-3.5289347171783447,2.5266613960266113,3.2360994815826416,-1.9163423776626587,-0.14473113417625427,-2.5131332874298096
87.65,-29.65190887451172,0.9910984635353088,16.1993350982666,-1.2236361503601074,2.500471830368042,-1.9090678691864014
87.7,-14.824808120727539,15.33701229095459,26.41933822631836,-0.17940306663513184,7.153460502624512,-2.0380587577819824
87.75,15.342496871948242,3.3932883739471436,15.761391639709473,1.1568552255630493,7.594543933868408,-5.174948692321777
87.8,21.81610107421875,-12.571205139160156,-1.0914065837860107,-2.788763999938965,5.81774377822876,-5.83179235458374
87.85,9.000593185424805,-23.817548751831055,-7.455047130584717,-2.8407936096191406,5.6566481590271,-3.354814052581787
87.9,3.930124044418335,-13.294509887695312,-9.22761058807373,-0.7391632199287415,6.123999118804932,-1.6797757148742676
87.95,1.6955163478851318,-3.870623826980591,-5.6646952629089355,1.9325249195098877,5.932257175445557,-1.7998095750808716
88.0,10.717130661010742,8.139946937561035,-10.193964958190918,2.505657196044922,4.970607280731201,-0.04115360975265503
88.05,9.782135009765625,15.15399169921875,-2.791869640350342,3.5494370460510254,2.790064573287964,1.0041072368621826
88.1,2.1010475158691406,0.595669150352478,-13.041664123535156,5.632326126098633,3.6300761699676514,-0.02663733810186386
88.15,5.1652727127075195,0.31978490948677063,-1.1620509624481201,3.0367980003356934,-0.650076150894165,-0.9335182309150696
88.2,1.040665626525879,1.149403691291809,-0.18237052857875824,1.7896838188171387,-1.3421858549118042,-1.981526494026184
88.25,-10.587813377380371,-1.332403302192688,-8.335268020629883,1.5629743337631226,-1.2823946475982666,-1.9328265190124512
88.3,-3.69512677192688,0.35805419087409973,-2.9722392559051514,1.357869267463684,-1.0026960372924805,-1.1670061349868774
88.35,0.5216635465621948,0.5253610610961914,-1.0231801271438599,1.0422037839889526,-0.16275981068611145,-0.8439905643463135
88.4,-4.870930194854736,0.8267835974693298,2.4216184616088867,0.11616086959838867,0.24686883389949799,-1.467368483543396
88.45,-1.207202672958374,0.2224360555410385,0.5071793794631958,0.35913240909576416,-0.09140628576278687,0.06669224053621292
88.5,0.32179951667785645,0.3156614303588867,-0.12998734414577484,0.49313461780548096,-0.14387239515781403,0.28963524103164673
88.55,-0.05648599565029144,0.15020370483398438,-0.265478253364563,0.040270302444696426,0.10047583281993866,-0.17424893379211426
88.6,-1.2684508562088013,0.2441789209842682,1.5227710008621216,-0.14634765684604645,0.17337654531002045,-0.11788322031497955
88.65,-1.716005563735962,-0.1244858130812645,2.3716487884521484,-0.034812889993190765,0.8162612915039062,0.16144739091396332
88.7,0.924831748008728,0.40539076924324036,0.0626264438033104,0.061923570930957794,1.1747726202011108,0.195766419172287
88.75,-0.12708641588687897,0.5492382645606995,0.3935636281967163,0.11564047634601593,0.7795778512954712,0.1731763780117035
88.8,-0.24309766292572021,-0.06140235438942909,-0.7873087525367737,0.3055780529975891,0.37177059054374695,0.41036269068717957
88.85,-0.06793095916509628,0.15483476221561432,-0.1307574063539505,0.0327167883515358,0.1342119723558426,0.27030879259109497
88.9,-0.07967814803123474,0.1890888810157776,0.4683226943016052,-0.09969597309827805,-0.023952091112732887,0.1039767637848854
88.95,-0.33705928921699524,0.21409805119037628,0.6473636031150818,-0.10073550045490265,-0.04438425973057747,0.09239310026168823
89.0,0.05841297656297684,0.25155165791511536,0.21314910054206848,-0.03258766978979111,-0.008485887199640274,0.11815693974494934
89.05,-0.1959194540977478,0.3592100739479065,0.7569447755813599,-0.09231342375278473,0.05694211274385452,-0.040543001145124435
89.1,-0.10067513585090637,0.344973623752594,0.4779326617717743,-0.028195954859256744,-0.032032303512096405,-0.17888763546943665
89.15,-0.6521000862121582,0.17258745431900024,0.29468053579330444,-0.02183118462562561,-0.13454528152942657,-0.15084202587604523
89.2,-0.20968931913375854,0.09026052057743073,-0.08730896562337875,-0.09006205946207047,-0.09349409490823746,-0.1069766953587532
89.25,-0.6926586627960205,0.42965519428253174,0.456150084733963,-0.2821606397628784,0.004865409806370735,-0.2099846750497818
89.3,-0.8647258877754211,0.331548810005188,0.9541714787483215,-0.2549205720424652,-0.10464264452457428,-0.1927306205034256
89.35,-0.9645450711250305,0.10075581818819046,1.6513561010360718,-0.19809870421886444,-0.31811580061912537,-0.04822757467627525
89.4,0.028279468417167664,0.09313295781612396,-0.4979778230190277,-0.22721374034881592,-0.5465704798698425,-0.12959156930446625
89.45,-0.20724056661128998,0.38537129759788513,0.24171531200408936,-0.4064781069755554,-0.11723701655864716,-0.3682914674282074
89.5,-0.39155200123786926,0.38732343912124634,-0.08581482619047165,-0.31268584728240967,0.1337295025587082,-0.38592129945755005
89.55,-0.1448056995868683,0.9890223145484924,-1.1222447156906128,-0.4387907385826111,0.25914373993873596,-0.2072361707687378
89.6,0.09609359502792358,1.7564173936843872,-1.4693211317062378,-0.9359126091003418,0.582266092300415,0.27167367935180664
89.65,1.03505539894104,0.7997140884399414,-1.1076427698135376,-1.0124105215072632,1.5880428552627563,1.007049798965454
89.7,2.056269645690918,0.5730428099632263,-0.7914885878562927,-1.1200512647628784,2.9698238372802734,1.0216593742370605
89.75,9.145638465881348,-0.7177385091781616,1.2904183864593506,-0.4560557007789612,4.5027756690979,0.7777718305587769
89.8,14.109598159790039,0.3293450176715851,-3.7397537231445312,0.7134969830513,4.245228290557861,0.3436582088470459
89.85,3.7003445625305176,1.6890400648117065,-5.615976333618164,0.6911191940307617,4.168124198913574,-0.020737221464514732
89.9,-5.0920515060424805,1.3158409595489502,-1.1151416301727295,0.8793094158172607,3.2433903217315674,0.566727340221405
89.95,-8.216012001037598,-0.8502413630485535,2.0287835597991943,0.8081415295600891,2.596745729446411,1.015956997871399
90.0,-5.923954963684082,0.8407025337219238,2.658247709274292,-0.21420250833034515,1.9710228443145752,0.600559413433075
90.05,-5.755868434906006,-1.7163790464401245,3.486575126647949,-1.092054843902588,2.467153787612915,-0.2300516963005066
90.1,-6.225869178771973,1.590192437171936,3.3911471366882324,-1.5219619274139404,2.4980790615081787,-0.9206441640853882
90.15,-3.220137596130371,1.1993021965026855,4.040842056274414,-1.95100998878479,1.6754447221755981,-0.6936900019645691
90.2,-3.796215772628784,1.726488471031189,0.6811453104019165,-1.1943681240081787,0.5944806933403015,-0.739606499671936
90.25,-1.3048954010009766,0.7112007737159729,-0.5011000037193298,-0.18992674350738525,0.023600513115525246,-0.3818448483943939
90.3,0.11049464344978333,0.40652185678482056,0.10803774744272232,-0.04187547415494919,-0.15302987396717072,-0.07533438503742218
90.35,-0.02308073081076145,0.3808651566505432,0.015378035604953766,0.009053334593772888,-0.12087937444448471,-0.07745830714702606
90.4,0.006209220737218857,0.4693775773048401,0.07065656036138535,0.1307077258825302,0.014347980730235577,-0.03598659485578537
90.45,0.7746231555938721,1.0905839204788208,-0.2502177357673645,0.7208733558654785,0.3683958649635315,-0.08465699106454849
90.5,0.513203501701355,0.8564320206642151,-0.3043079972267151,0.8539090752601624,0.6862677931785583,-0.6274980902671814
90.55,0.327667236328125,-0.13226690888404846,2.455836772918701,0.3580816984176636,1.2099076509475708,-0.5113840699195862
90.6,-0.005622357130050659,-0.07560156285762787,0.5382299423217773,-0.3091110587120056,3.5198686122894287,0.8230975866317749
90.65,3.129279851913452,0.2813299894332886,-0.41553041338920593,-0.055170923471450806,2.788743019104004,0.9468865990638733
90.7,1.0510075092315674,0.4590502083301544,-0.004628571216017008,0.20703135430812836,0.6240959167480469,0.196799635887146
90.75,0.2964496910572052,0.5600157380104065,0.06931408494710922,0.18109728395938873,0.13766175508499146,0.004090175963938236
90.8,-1.0954396724700928,0.5658789873123169,0.5607392191886902,0.10873399674892426,0.13093672692775726,-0.023013509809970856
90.85,-1.3642091751098633,0.0015059238066896796,0.4303142726421356,0.0842716246843338,0.6614718437194824,-0.206989586353302
90.9,0.43547236919403076,0.2502308189868927,0.4108642041683197,0.04597177356481552,0.8998737335205078,-0.28539592027664185
90.95,-0.2552807033061981,0.2775622010231018,0.2401861697435379,0.08455677330493927,0.36414197087287903,-0.4604526162147522
91.0,-0.05168452858924866,0.20170406997203827,0.4262673854827881,0.11629045009613037,0.20962491631507874,-0.442960649728775
91.05,-0.37286677956581116,0.3856707513332367,0.2977136969566345,0.10123469680547714,0.31373900175094604,-0.31262025237083435
91.1,0.24803104996681213,0.29512885212898254,0.4298074543476105,0.015770187601447105,0.3713277280330658,-0.07295700162649155
91.15,1.071942925453186,0.25244140625,0.07338105142116547,-0.055259838700294495,0.47092217206954956,0.033263951539993286
91.2,-0.045315876603126526,0.48368173837661743,0.08656565099954605,-0.0902222990989685,0.3543567955493927,0.12488918751478195
91.25,-0.18302679061889648,0.4001866281032562,0.17322413623332977,-0.15050294995307922,0.298656165599823,0.29157498478889465
91.3,-0.18959516286849976,0.15665534138679504,0.22846704721450806,-0.196379154920578,0.33235979080200195,0.3260921537876129
91.35,0.04606146365404129,0.5441504120826721,-0.013910490088164806,-0.22200274467468262,0.44639283418655396,0.3716568946838379
91.4,0.290542334318161,0.4240303635597229,0.14609847962856293,-0.25326377153396606,0.4917547106742859,0.35185596346855164
91.45,0.009819820523262024,0.5144396424293518,-0.1575843095779419,-0.28246331214904785,0.508909285068512,0.2081986665725708
91.5,1.5807312726974487,0.07973189651966095,0.21641790866851807,-0.23560169339179993,0.3956363797187805,0.09819792956113815
91.55,-1.7482733726501465,0.1682664006948471,0.5208086371421814,-0.2600758373737335,0.6019132733345032,-0.07548011839389801
91.6,0.18352094292640686,-0.4399261772632599,0.8726317882537842,-0.2111699879169464,0.09025600552558899,-0.11513378471136093
91.65,0.32342764735221863,-0.18267060816287994,0.28510066866874695,-0.08577938377857208,0.17375238239765167,-0.13900913298130035
91.7,-0.130867138504982,0.0791797786951065,-0.004526819102466106,-0.04730553552508354,0.34515953063964844,-0.15472568571567535
91.75,-0.7020117044448853,0.23581606149673462,0.09787051379680634,-0.08084483444690704,0.2115204632282257,-0.13819248974323273
91.8,-1.0043301582336426,0.19236095249652863,0.17589308321475983,-0.09004207700490952,-0.07776018977165222,0.03808718919754028
91.85,-0.3684069812297821,0.256107360124588,-0.021840721368789673,-0.10571432113647461,-0.4025452435016632,0.26434239745140076
91.9,-0.3880876302719116,-0.24083805084228516,0.3887840211391449,-0.09853652119636536,-0.5437025427818298,0.36978864669799805
91.95,-0.1079605221748352,-0.19520093500614166,0.14259617030620575,-0.0265045166015625,-0.6089296340942383,0.41029950976371765
92.0,0.08300890773534775,0.5668793320655823,-0.3447861969470978,0.08054518699645996,-0.766734778881073,0.47746962308883667
92.05,-1.2982417345046997,0.06061561405658722,0.35744979977607727,0.06787832081317902,-0.8540133237838745,0.47609174251556396
92.1,-1.0130698680877686,0.02418425679206848,-0.26119303703308105,0.011820539832115173,-1.2918094396591187,0.44059035181999207
92.15,2.3011209964752197,0.5932244658470154,-0.8145325779914856,-0.08065149188041687,-1.729189157485962,0.3087972104549408
92.2,1.4447946548461914,1.258320689201355,-4.358907699584961,-0.48406338691711426,-0.7635838985443115,0.09301093220710754
92.25,-8.35141372680664,3.1581296920776367,-16.455278396606445,0.6328708529472351,2.482884168624878,-0.24260011315345764
92.3,-13.343613624572754,-4.539559364318848,7.173367977142334,3.7246828079223633,4.39645528793335,-0.02741405926644802
92.35,17.174291610717773,-7.824098110198975,25.111549377441406,1.4775550365447998,4.216224193572998,-0.522851824760437
92.4,8.81434440612793,5.815920352935791,11.98961353302002,-2.4295268058776855,4.810056209564209,2.4901280403137207
92.45,-0.24500823020935059,0.8254348635673523,1.379667043685913,-0.5615139603614807,1.03439462184906,0.19419340789318085
92.5,-0.9093689918518066,-0.01745699718594551,-0.4938545823097229,-0.5122600793838501,-0.3248671591281891,-0.8112809658050537
92.55,-0.9481416344642639,0.30330467224121094,-1.2239327430725098,-0.9088866114616394,-0.4311651885509491,-0.9769257307052612
92.6,-0.9623039960861206,0.340033620595932,0.22124789655208588,-0.8066709041595459,-0.17538049817085266,-1.0502581596374512
92.65,0.4094419777393341,0.3272218406200409,-0.6809468269348145,-0.6389203071594238,0.2735235393047333,-0.5172578692436218
92.7,0.27902641892433167,-0.47735312581062317,1.0756521224975586,-0.6313675045967102,0.6061617732048035,-0.13265874981880188
92.75,-0.01779162883758545,0.3209887742996216,1.7740449905395508,-0.10806243121623993,0.531947672367096,0.08653949201107025
92.8,0.4927050471305847,1.184733510017395,0.06158683821558952,0.20119033753871918,0.34031960368156433,0.06579790264368057
92.85,-2.069018840789795,1.2452863454818726,3.281724214553833,0.2500015199184418,0.9587972164154053,-0.9159854650497437
92.9,-20.117809295654297,6.086977958679199,2.753976345062256,-0.20336544513702393,5.5515828132629395,-2.6841046810150146
92.95,-11.180580139160156,19.989055633544922,23.138669967651367,-0.30916714668273926,9.72353458404541,-4.4145121574401855
93.0,16.511873245239258,10.236661911010742,6.267387866973877,-1.7984404563903809,7.320921897888184,-6.103747367858887
93.05,18.361623764038086,-12.871109962463379,-15.761749267578125,-3.203583240509033,5.159507751464844,-5.6391425132751465
93.1,2.2392349243164062,-29.925352096557617,-23.217235565185547,-2.285508632659912,4.5234055519104,-2.8167972564697266
93.15,-14.526769638061523,-19.9405574798584,-17.81488609313965,1.3897500038146973,3.4586076736450195,-0.5568823218345642
93.2,-19.327709197998047,-2.238069534301758,-2.9313719272613525,5.354671955108643,3.345654249191284,-1.7815252542495728
93.25,-4.676477432250977,5.324336528778076,1.0193649530410767,5.9446563720703125,2.6271212100982666,-3.3536064624786377
93.3,18.981409072875977,4.137847900390625,5.276350975036621,4.105051040649414,-0.02373531460762024,-1.6858954429626465
93.35,-9.819245338439941,41.70791244506836,20.28940200805664,-0.7225877046585083,-2.3650083541870117,3.645850419998169
93.4,-10.83105182647705,16.821592330932617,7.44797945022583,2.511446475982666,1.2766307592391968,2.614661931991577
93.45,3.83054780960083,3.9229846000671387,3.6035494804382324,1.6776180267333984,0.33839118480682373,0.8689775466918945
93.5,0.7352822422981262,0.7617828249931335,1.4248838424682617,1.047499179840088,-0.9072403907775879,-0.9987727999687195
93.55,-1.6911619901657104,0.6212340593338013,-0.5197963714599609,0.9780052304267883,-0.5409575700759888,-0.852036714553833
93.6,1.5066206455230713,0.17975135147571564,0.04987050220370293,0.8931533098220825,-0.2671697437763214,-0.4178907871246338
93.65,-1.1475114822387695,0.59351646900177,-0.23116940259933472,0.8897280097007751,0.2124195247888565,-0.3555832803249359
93.7,-0.3915266990661621,0.5289068818092346,-0.22650226950645447,0.6195181012153625,0.029158972203731537,0.2720221281051636
93.75,-0.20413577556610107,0.35922151803970337,0.20745761692523956,0.36304768919944763,-0.026531275361776352,0.4552082121372223
93.8,0.18490029871463776,0.31983092427253723,0.2815031111240387,0.2613154649734497,0.09330229461193085,0.43274182081222534
93.85,-0.38390934467315674,0.4407740533351898,0.15088897943496704,0.26987797021865845,0.0670180693268776,0.2754270136356354
93.9,-0.3012230098247528,0.36968713998794556,0.08418834954500198,0.13635164499282837,-0.0648951530456543,0.28766319155693054
93.95,-0.1120653972029686,0.20967009663581848,0.02937679924070835,0.07022910565137863,-0.027948133647441864,0.14923204481601715
94.0,-0.4282505512237549,0.4688349664211273,0.40018507838249207,0.04103553295135498,-0.018896276131272316,-0.0268902275711298
94.05,-0.10739560425281525,0.30622580647468567,0.1912037879228592,0.10327696800231934,-0.0652923583984375,0.0440983921289444
94.1,0.23733611404895782,0.17053987085819244,0.06099304184317589,0.12499014288187027,-0.016296813264489174,0.04237526282668114
94.15,-0.2804768681526184,0.16539958119392395,0.18028995394706726,0.13857553899288177,0.01326543465256691,-0.07903797924518585
94.2,-0.11421886831521988,0.1816292107105255,0.21779611706733704,0.17333576083183289,0.0017991719068959355,-0.16269516944885254
94.25,0.18649928271770477,0.33733370900154114,0.2287146896123886,0.1647612452507019,0.020525826141238213,-0.19559232890605927
94.3,1.6277304887771606,0.08009429275989532,0.17173665761947632,0.12251201272010803,-0.03250943124294281,-0.45987844467163086
94.35,0.16832169890403748,0.12361432611942291,0.15187282860279083,-0.022920161485671997,-0.12205040454864502,-1.0133440494537354
94.4,-2.280000686645508,0.35923874378204346,0.15093685686588287,-0.08900707960128784,-0.06715434044599533,-0.645710825920105
94.45,-1.6470017433166504,0.42417633533477783,0.11576297134160995,0.008933603763580322,0.06512264162302017,0.47625502943992615
94.5,0.5421059727668762,0.2611704170703888,0.2725673019886017,0.11433243751525879,0.15244561433792114,1.0528266429901123
94.55,0.5992791652679443,0.24573613703250885,0.17109425365924835,0.09881934523582458,0.07273793965578079,0.6808444261550903
94.6,0.14477527141571045,0.321288138628006,0.2966310381889343,0.05119410157203674,0.0579865388572216,0.21175551414489746
94.65,-0.24053937196731567,0.3296356499195099,-6.526234210468829e-05,0.018012426793575287,0.009297950193285942,0.07660862803459167
94.7,0.05354917421936989,0.1449613720178604,0.011793575249612331,-0.009800550527870655,0.01505114883184433,0.014637238346040249
94.75,-0.3145005702972412,-0.17919160425662994,-0.19366534054279327,-0.049481555819511414,0.025939328595995903,-0.16507622599601746
94.8,0.4928748309612274,0.11377046257257462,-0.38617852330207825,-0.11352145671844482,0.1366501748561859,-0.36697715520858765
94.85,-0.19272665679454803,0.6258707642555237,-0.4724615216255188,-0.2640700340270996,0.2442721277475357,-0.5476247668266296
94.9,-0.10075065493583679,0.45936015248298645,-0.9329965114593506,-0.664008617401123,0.49081599712371826,-0.4838181138038635
94.95,3.8297791481018066,-0.0869380533695221,0.08709608763456345,-0.8808781504631042,2.7395918369293213,0.6860576868057251
95.0,4.0062713623046875,0.5582149624824524,-1.479681134223938,-0.395087867975235,6.507800102233887,1.0323669910430908
95.05,-2.9842348098754883,-0.3171710968017578,-2.012413740158081,0.34157267212867737,9.017455101013184,1.159190058708191
95.1,-6.984773635864258,-1.2640138864517212,4.869372367858887,0.28446584939956665,6.782251834869385,0.40572404861450195
95.15,-1.4551031589508057,0.4040779769420624,6.941995143890381,0.13317392766475677,1.940274715423584,-0.14603032171726227
95.2,0.18825584650039673,0.5035220384597778,1.7340329885482788,0.3941420614719391,0.3907506465911865,0.0476866289973259
95.25,-0.584200382232666,-0.13118360936641693,0.18146073818206787,0.574793815612793,0.22942018508911133,-0.01728220470249653
95.3,-0.4275459051132202,0.2036467343568802,0.6144261360168457,0.5312702655792236,0.38384953141212463,-0.08818154782056808
95.35,-0.2476387619972229,0.13593390583992004,0.05985301733016968,0.240657776594162,0.4624401032924652,-0.14035877585411072
95.4,-0.6519738435745239,0.17507174611091614,-0.08990409225225449,0.03497682884335518,0.5142839550971985,-0.12872813642024994
95.45,-0.43052375316619873,0.4509306848049164,0.2880218029022217,-0.03288599103689194,0.4186559319496155,-0.04013548046350479
95.5,-0.4567626416683197,0.19295409321784973,-0.5263639688491821,0.0337626151740551,0.40451866388320923,0.057749271392822266
95.55,-0.5437164306640625,0.37625420093536377,1.0620383024215698,-0.1880771517753601,0.5507962703704834,0.10668335855007172
95.6,1.522155523300171,0.4093038737773895,4.371254920959473,-0.42056983709335327,2.0083327293395996,0.1306789517402649
95.65,3.137568950653076,0.78840172290802,2.4018921852111816,-0.9335926175117493,4.472792625427246,0.18403995037078857
95.7,2.7856686115264893,1.27734375,-0.9723219275474548,-1.1376376152038574,5.5137200355529785,0.1856299638748169
95.75,-1.0840563774108887,1.3093786239624023,-3.4628710746765137,-1.230867862701416,5.062921047210693,0.35338395833969116
95.8,-4.832036972045898,-1.1353492736816406,-1.9585908651351929,-0.9593750238418579,3.044384241104126,0.3064914643764496
95.85,0.21398472785949707,0.41692736744880676,-0.260876327753067,-0.2626864016056061,0.8698446750640869,-0.06992683559656143
95.9,-1.891739010810852,0.5265503525733948,-1.6042802333831787,-0.27614548802375793,1.380218744277954,0.3049704432487488
95.95,-0.7543534636497498,0.6049928665161133,-1.297973394393921,-0.41951867938041687,1.044718861579895,0.745428204536438
96.0,-0.6938376426696777,-0.20201967656612396,0.3888070285320282,-0.3998853862285614,0.4644947946071625,0.7219823598861694
96.05,1.8236303329467773,0.23238568007946014,1.8371585607528687,0.0722571387887001,0.2735907733440399,0.09536190330982208
96.1,2.8671581745147705,0.7879152894020081,1.0893067121505737,0.7167062163352966,-0.168931782245636,-1.1006056070327759
96.15,0.3488679826259613,-0.006352439522743225,-0.015724539756774902,1.0390548706054688,-1.0228288173675537,-1.370733380317688
96.2,0.006373792886734009,-0.47687819600105286,0.8036812543869019,0.7538025379180908,-1.8013319969177246,-0.5378800630569458
96.25,-2.8059394359588623,-0.13485616445541382,-0.6906471848487854,0.24293847382068634,-1.7047276496887207,-0.418693870306015
96.3,-3.444112539291382,0.4841424226760864,-1.5566062927246094,-0.25055617094039917,-0.7309551239013672,-0.5034081339836121
96.35,-0.33869999647140503,0.5619612336158752,0.3181590437889099,-0.5646733641624451,-0.10397794097661972,0.028010958805680275
96.4,0.9968091249465942,0.7995702028274536,0.24994729459285736,-0.14712171256542206,-0.0118515994399786,0.01101283635944128
96.45,0.48895710706710815,0.2525186836719513,0.4758550822734833,0.2780197262763977,-0.08995559066534042,-0.4011788070201874
96.5,0.05690436810255051,0.3011150658130646,0.17803557217121124,0.22677169740200043,0.027675654739141464,-0.28911808133125305
96.55,-0.61167973279953,0.1593971699476242,-0.013778438791632652,0.09454604983329773,0.04389975219964981,-0.08343446999788284
96.6,-0.5649819374084473,0.25342658162117004,-0.18864037096500397,0.0013243905268609524,0.027198541909456253,0.014537131413817406
96.65,0.06720498204231262,0.4157305359840393,0.32558050751686096,-0.15755027532577515,0.04239494353532791,0.15558668971061707
96.7,-0.10836105048656464,0.3084726929664612,0.24470378458499908,-0.1325925886631012,0.04001273587346077,0.08434216678142548
96.75,-0.6568242311477661,0.1481962651014328,-0.049261532723903656,-0.11316385865211487,0.07004725933074951,0.06012367457151413
96.8,-1.1366904973983765,0.06623653322458267,-0.22197356820106506,-0.21162882447242737,0.10953374207019806,0.29530611634254456
96.85,-0.875764012336731,0.26385122537612915,-0.11519761383533478,-0.3578748404979706,0.14930051565170288,0.5803568959236145
96.9,-0.41087374091148376,0.19721892476081848,-0.22889494895935059,-0.37832507491111755,0.23872539401054382,0.6371784210205078
96.95,0.3689616322517395,0.21204093098640442,0.3326722979545593,-0.3147108554840088,0.157068133354187,0.44817861914634705
97.0,0.09435968101024628,0.32099345326423645,0.09252142906188965,-0.15032050013542175,0.03019336797297001,0.15158015489578247
97.05,0.021739467978477478,0.4712591767311096,0.21530450880527496,-0.09992165863513947,0.04105304554104805,0.058278877288103104
97.1,0.4132993221282959,0.4305277466773987,0.20095530152320862,0.04752662777900696,-0.021845513954758644,-0.06627561151981354
97.15,0.015459785237908363,0.2888841927051544,-0.07353664934635162,0.22195814549922943,-0.06048551946878433,-0.29587411880493164
97.2,-0.2984897494316101,0.2815094292163849,-0.029576582834124565,0.26822787523269653,-0.0790863111615181,-0.2872772216796875
97.25,0.1833716779947281,0.38112932443618774,0.14490064978599548,0.22569648921489716,-0.08422336727380753,-0.22241972386837006
97.3,0.18561005592346191,0.31467917561531067,0.05204364284873009,0.23208928108215332,-0.10034966468811035,-0.2222617268562317
97.35,-0.6367343068122864,0.19734100997447968,-0.21138429641723633,0.33757564425468445,-0.15183192491531372,-0.4129262864589691
97.4,-0.36166512966156006,0.30088332295417786,-0.05142315849661827,0.24880477786064148,-0.0973251461982727,-0.32568874955177307
97.45,-0.08296657353639603,0.3558407127857208,-0.03993872553110123,0.11872117221355438,-0.024253109470009804,-0.20568780601024628
97.5,-0.6859909296035767,0.17969611287117004,-0.1783723384141922,-0.02112843096256256,0.011685174889862537,-0.1013966053724289
97.55,-0.4222360849380493,0.22927479445934296,0.051975637674331665,-0.2219659686088562,0.062261756509542465,0.1987949162721634
97.6,-0.6383824348449707,0.344298392534256,-0.3992745578289032,-0.23799704015254974,0.08710504323244095,0.31616196036338806
97.65,-0.9214130640029907,0.20354752242565155,-0.544526219367981,-0.4332813322544098,0.09190725535154343,0.6595481634140015
97.7,0.6510761380195618,0.22232535481452942,0.4600699841976166,-0.5931875109672546,0.15686455368995667,0.9890592098236084
97.75,0.847740888595581,0.3768664002418518,0.4637822210788727,-0.44194743037223816,0.3023402690887451,0.7512344121932983
97.8,0.47889286279678345,0.3492317497730255,0.6681631803512573,-0.05208373814821243,0.1654600203037262,0.30667775869369507
97.85,-0.5328805446624756,0.27625375986099243,0.3660786747932434,0.4326220750808716,0.11098382622003555,-0.128713920712471
97.9,0.6786997318267822,0.12753961980342865,0.014210440218448639,0.4506158232688904,0.17119506001472473,-0.11410080641508102
97.95,-1.5165573358535767,0.005234696436673403,-1.75675630569458,0.3662642538547516,-0.07088036835193634,-0.5533290505409241
98.0,-0.41867315769195557,0.4687424600124359,0.054069843143224716,-0.28690627217292786,-0.10227848589420319,-0.10817943513393402
98.05,0.01186002790927887,0.3448382019996643,0.3646094501018524,-0.1821671426296234,-0.08126354217529297,0.12429725378751755
98.1,0.2235197275876999,0.3448934853076935,0.20089247822761536,0.014362027868628502,-0.15946899354457855,0.051698002964258194
98.15,0.26389792561531067,0.40191560983657837,0.22738395631313324,0.08977152407169342,-0.17855140566825867,-0.06237013265490532
98.2,-0.19287461042404175,0.2625284492969513,-0.197271928191185,0.2120455652475357,-0.1709885448217392,-0.21644429862499237
98.25,-0.1740579903125763,0.3281135857105255,0.021222468465566635,0.030662793666124344,-0.1736290156841278,-0.1067776083946228
98.3,-0.12998312711715698,0.2868223488330841,0.07252556085586548,-0.027391936630010605,-0.12325338274240494,-0.05268385633826256
98.35,-0.20662379264831543,0.23420242965221405,0.06037275493144989,-0.01759929023683071,-0.07363735139369965,-0.04828691855072975
98.4,-0.1128290593624115,0.27132514119148254,0.07650727778673172,-0.04395744949579239,-0.03149135038256645,-0.024309439584612846
98.45,-0.0957542210817337,0.23906710743904114,-0.007142805028706789,-0.030558325350284576,-0.016239585354924202,-0.04517841711640358
98.5,-0.14970946311950684,0.26735976338386536,0.009291903115808964,-0.0418657548725605,0.006486181169748306,-0.031681809574365616
98.55,-0.14010411500930786,0.24448779225349426,0.01360783725976944,-0.024852745234966278,0.03333259001374245,-0.009862767532467842
98.6,-0.1019638404250145,0.2117948830127716,0.00861329399049282,0.00867040827870369,0.03554881736636162,4.1016632167156786e-05
98.65,-0.01357902679592371,0.2598581612110138,0.006100757978856564,0.013742705807089806,0.03008773736655712,0.0025086835958063602
98.7,0.0462275967001915,0.3877878785133362,-0.036697134375572205,0.015889577567577362,0.023270977661013603,-0.004265942145138979
98.75,0.0058524468913674355,0.29839804768562317,-0.018652014434337616,0.021459141746163368,0.0048703961074352264,-0.020589206367731094
98.8,-0.042193733155727386,0.2827196419239044,-0.08814842253923416,0.017407257109880447,0.004471167456358671,-0.02764584869146347
98.85,-0.034710243344306946,0.2338428795337677,0.07904720306396484,-0.012079126201570034,0.008590173907577991,-0.01367451436817646
98.9,-0.16079449653625488,0.2248411625623703,0.06128793582320213,-0.009879568591713905,0.015714753419160843,-0.02000965178012848
98.95,-0.010971859097480774,0.2613048851490021,0.10828472673892975,-0.010250854305922985,0.02347235567867756,0.001043854746967554
99.0,0.15965339541435242,0.3880930542945862,-0.06726590543985367,0.09721826761960983,0.13067491352558136,0.05425456166267395
99.05,-0.025697723031044006,0.2694874107837677,0.01111153420060873,0.14483937621116638,0.15014904737472534,0.060648929327726364
99.1,-0.21755123138427734,0.2381945103406906,0.06322334706783295,0.06122921407222748,0.059459853917360306,0.013555655255913734
99.15,-0.4305921196937561,0.09002593904733658,0.2311834990978241,-0.027821291238069534,-0.022581249475479126,0.012937715277075768
99.2,-1.2184736728668213,-0.7350043654441833,1.638071060180664,-0.018145360052585602,-0.011109541170299053,0.1133686900138855
99.25,-0.4791088402271271,-0.09895608574151993,0.3998192548751831,0.20532311499118805,0.02803809754550457,0.2195933610200882
99.3,0.00013654259964823723,0.288146048784256,0.015310630202293396,0.24247173964977264,0.05072978883981705,0.220059335231781
99.35,-0.011782556772232056,0.1332569420337677,0.3414393961429596,0.16203834116458893,0.042483583092689514,0.20660148561000824
99.4,-0.5275825262069702,0.13799577951431274,0.5485759973526001,0.15598276257514954,-0.0055952733382582664,0.15808144211769104
99.45,-0.24019838869571686,0.4685717523097992,0.43936625123023987,0.1297910064458847,0.029121175408363342,0.19038495421409607
99.5,0.30592650175094604,0.4099169373512268,0.013354459777474403,-0.04195026308298111,0.050654564052820206,0.20373442769050598
99.55,0.1980045586824417,0.35137462615966797,-0.22750787436962128,0.17655996978282928,0.09310965985059738,0.12461765855550766
99.6,0.5300905704498291,0.10372255742549896,-0.1570378839969635,0.1545584797859192,0.12066783010959625,0.022436127066612244
99.65,0.4837269186973572,0.15144634246826172,0.12439098209142685,0.11068806797266006,0.10399063676595688,-0.04496178403496742
99.7,0.30381709337234497,0.18619060516357422,-0.13963715732097626,0.038750965148210526,0.05677624046802521,-0.046846602112054825
99.75,0.0012564361095428467,0.09744931757450104,-0.023351086303591728,-0.0698358491063118,0.07716976851224899,0.01043060515075922
99.8,-0.33198869228363037,0.34131723642349243,0.0650613084435463,-0.11253061890602112,0.10919938236474991,0.050882741808891296
99.85,-0.0746835470199585,0.07483003288507462,-0.6436039209365845,-0.01891796663403511,0.010642340406775475,0.08641569316387177
99.9,0.18170218169689178,0.13597583770751953,-0.14805550873279572,-0.23715274035930634,-0.01174348033964634,0.13516297936439514
99.95,-0.20709455013275146,0.9312517046928406,0.4900437295436859,-0.25306010246276855,0.021435439586639404,0.09353438019752502
100.0,-3.407527208328247,4.448297023773193,0.16016188263893127,0.47221440076828003,0.3221851885318756,0.5397748947143555
100.05,-3.047245502471924,0.3410743474960327,4.331324577331543,3.2883074283599854,1.4439736604690552,2.660463809967041
100.1,-16.853782653808594,-12.711174964904785,10.778618812561035,1.8940091133117676,-0.9466522336006165,-0.24812114238739014
100.15,34.06220626831055,9.024670600891113,-34.220245361328125,-1.3728935718536377,-2.126110315322876,-3.403521776199341
100.2,11.363494873046875,1.5665761232376099,-14.700206756591797,-1.665581226348877,-0.8094388842582703,-0.15672211349010468
100.25,2.064244508743286,1.5673859119415283,1.344689130783081,-1.8681386709213257,-0.21028274297714233,0.37947219610214233
100.3,0.8609733581542969,0.591403067111969,0.4196968376636505,-0.7735220193862915,-0.34590762853622437,-0.009874483570456505
100.35,-0.6486287713050842,1.0161715745925903,0.017361165955662727,-0.6331430673599243,-0.37041041254997253,-0.18103663623332977
100.4,-0.6797745823860168,1.1954824924468994,2.43044376373291,-0.3715900778770447,-0.14065618813037872,-0.15457193553447723
100.45,-6.168981552124023,-4.796736717224121,23.21601104736328,1.4061005115509033,0.5584385395050049,0.18606707453727722
100.5,14.063112258911133,-7.926072597503662,13.214217185974121,6.1667585372924805,1.583968162536621,-1.4805530309677124
100.55,-16.425487518310547,-13.294917106628418,-0.1708429604768753,-0.9350341558456421,4.041795253753662,0.9004546999931335
100.6,-12.618499755859375,-7.900043964385986,-22.434673309326172,-0.5178118348121643,-0.39883264899253845,1.1178615093231201
100.65,4.059223175048828,1.0287938117980957,-8.604787826538086,-0.0527990385890007,-1.0445624589920044,-0.20073789358139038
100.7,-1.2610396146774292,0.12553314864635468,-0.2957031726837158,-1.053361415863037,0.48457396030426025,-1.0792232751846313
100.75,-4.65335750579834,1.3717434406280518,-0.6749960780143738,-1.4074523448944092,0.7789057493209839,-1.027103066444397
100.8,0.4206763505935669,0.6410790085792542,0.306779146194458,-1.0689226388931274,0.9461761713027954,-0.07534071803092957
100.85,3.0857386589050293,-0.6527092456817627,-0.6894013285636902,-0.6279435753822327,0.5106766819953918,-0.24264326691627502
100.9,0.7614598274230957,0.5036869645118713,0.0014967622701078653,-0.45202791690826416,0.15159466862678528,-0.8614770174026489
100.95,-0.464430570602417,0.5621100068092346,-0.05648934468626976,0.13414925336837769,-0.09510758519172668,-0.81627357006073
101.0,-4.303541660308838,3.7228755950927734,5.188473224639893,1.0286039113998413,-1.8242264986038208,0.8866273164749146
101.05,-6.381091117858887,0.04006709158420563,2.736811399459839,2.540576219558716,-3.4968297481536865,2.810049057006836
101.1,1.380279779434204,-0.7843420505523682,-0.9386520981788635,2.185181140899658,-4.738759994506836,3.6684415340423584
101.15,1.9834699630737305,-1.7425637245178223,-4.3673858642578125,2.1083614826202393,-5.406765460968018,3.643084764480591
101.2,2.863396406173706,-0.09336409717798233,-4.733332633972168,1.439509630203247,-4.1536126136779785,2.7563254833221436
101.25,0.05035412311553955,1.0346946716308594,-2.4086546897888184,0.36805710196495056,-1.9660474061965942,1.2108139991760254
101.3,-0.860289990901947,-0.07103151082992554,0.7780802249908447,-0.010848939418792725,-2.1238350868225098,0.7728195190429688
101.35,0.5731242895126343,0.07907004654407501,-0.6415226459503174,0.5782344937324524,-2.4569456577301025,1.1460907459259033
101.4,1.1925557851791382,0.46594715118408203,-0.5399079322814941,0.5307861566543579,-1.9509536027908325,0.9096733331680298
101.45,0.4243965744972229,0.19910527765750885,0.03707679733633995,0.006008610129356384,-0.5854880213737488,0.11099020391702652
101.5,-0.15896175801753998,0.2768125832080841,-0.2522258758544922,-0.07639312744140625,0.006289802957326174,-0.2618316113948822
101.55,-0.790589451789856,0.10190395265817642,-0.09657200425863266,-0.03990468382835388,0.31971001625061035,-0.32844170928001404
101.6,-0.32315918803215027,0.117066390812397,-0.397853821516037,0.06286711990833282,0.1774052381515503,-0.18310196697711945
101.65,0.03584827482700348,0.10380174964666367,0.21525856852531433,0.07119773328304291,0.15442268550395966,-0.1805376410484314
101.7,0.2277115285396576,0.16246506571769714,-0.7693792581558228,0.16440711915493011,0.18595369160175323,-0.3448750972747803
101.75,-0.023614048957824707,0.23454762995243073,-0.4875148832798004,-0.06818443536758423,0.21828767657279968,-0.6008932590484619
101.8,0.06582871079444885,0.18549729883670807,-0.07231413573026657,-0.14723119139671326,0.004092898685485125,-0.7796460390090942
101.85,-0.6141253709793091,0.23596002161502838,-0.7211741805076599,-0.12294995784759521,-0.1184513121843338,-0.8583791255950928
101.9,-0.28085047006607056,0.19173242151737213,-0.48924821615219116,-0.29327642917633057,-0.16119080781936646,-0.5408681035041809
101.95,0.24740225076675415,0.10997582226991653,0.022080309689044952,-0.5597631335258484,-0.22382456064224243,-0.35625630617141724
102.0,0.18237733840942383,0.1393890529870987,0.08943699300289154,-0.6516040563583374,-0.06314166635274887,-0.535581648349762
102.05,0.12712815403938293,0.17812539637088776,0.10568760335445404,-0.6813566088676453,0.26204609870910645,-0.6718312501907349
102.1,0.8761723637580872,0.4372958540916443,-1.7077877521514893,-0.9152901768684387,0.9411327838897705,-0.6739332675933838
102.15,-0.16457700729370117,0.3751676380634308,-5.994040012359619,-1.6542985439300537,3.2695512771606445,-0.8387011885643005
102.2,-7.297307968139648,-2.0142569541931152,-9.3623046875,-1.906651258468628,7.392494201660156,-1.5825506448745728
102.25,-19.191913604736328,-2.4156131744384766,-9.006444931030273,-1.0947024822235107,10.411093711853027,-3.407111883163452
102.3,-2.7951197624206543,-1.9284347295761108,14.727365493774414,-1.2105706930160522,10.379883766174316,-3.2894294261932373
102.35,12.947455406188965,3.6675024032592773,2.9832966327667236,-2.840782403945923,9.935118675231934,-0.007029537111520767
102.4,-1.4909111261367798,1.6847270727157593,1.9354873895645142,-1.7169255018234253,2.316171884536743,-0.30862894654273987
102.45,-1.530788779258728,0.6611711382865906,1.1366883516311646,-0.42570486664772034,-0.14565636217594147,-0.3950822949409485
102.5,-0.007583349943161011,0.5524645447731018,-0.2865739166736603,-0.003175675868988037,-0.12332671135663986,-0.6617212891578674
102.55,-0.9204773902893066,0.19303807616233826,0.4349134564399719,-0.048848167061805725,0.03231969103217125,-0.386136919260025
102.6,3.301487445831299,0.8694010376930237,1.1107563972473145,0.11652203649282455,-0.044881388545036316,0.34461474418640137
102.65,-1.015769600868225,0.9699690341949463,1.745827317237854,0.370033860206604,0.3557044267654419,0.2344675064086914
102.7,-3.6916446685791016,0.4867785573005676,2.301142930984497,0.8534268140792847,1.9847322702407837,0.1987604796886444
102.75,1.4861329793930054,-0.13769333064556122,3.1299948692321777,0.5694018602371216,6.603629112243652,-0.09400353580713272
102.8,4.497713088989258,0.8488355875015259,-6.620429039001465,0.6445301175117493,7.102752208709717,0.3789912760257721
102.85,0.005043983459472656,0.9030140042304993,-6.425019264221191,-0.361209899187088,2.592543601989746,0.6123504042625427
102.9,-11.627762794494629,2.1235079765319824,-3.9615020751953125,0.24309775233268738,6.86601448059082,1.0435293912887573
102.95,-15.907769203186035,-0.04232703894376755,5.186647891998291,0.5980116128921509,10.476920127868652,1.8084771633148193
103.0,-8.056208610534668,-6.163164138793945,8.696830749511719,1.602487325668335,9.12295913696289,0.32526838779449463
103.05,-4.86743688583374,-1.7801494598388672,2.134460926055908,-0.9540238380432129,2.165726900100708,-2.7987756729125977
103.1,10.920055389404297,-6.380664348602295,-1.6131075620651245,-2.2841153144836426,-0.8920589685440063,-2.1520814895629883
103.15,25.14693832397461,-2.090806007385254,-2.830782175064087,-1.902612566947937,-2.864661931991577,1.6273674964904785
103.2,9.994376182556152,-2.145674467086792,-4.575986862182617,0.8261352777481079,-1.5059680938720703,1.1927846670150757
103.25,-1.0329780578613281,0.4291972815990448,-3.133904457092285,1.2064688205718994,0.10401134192943573,0.596860408782959
103.3,-0.9112017154693604,0.5149089097976685,-0.06691992282867432,-0.13350936770439148,-0.20399312674999237,0.9457564353942871
103.35,-0.24626994132995605,0.7615214586257935,0.13496319949626923,-0.1927504539489746,-1.150131344795227,0.5747133493423462
103.4,1.261149525642395,0.4593821167945862,1.116249918937683,-0.2560863792896271,-1.699733853340149,0.2386869341135025
103.45,3.7349343299865723,-0.330971896648407,-0.18198277056217194,-0.03904463350772858,-1.5300922393798828,-0.004654301330447197
103.5,1.8088332414627075,0.13452434539794922,1.0810633897781372,0.3194969892501831,-0.8672465682029724,-0.30138731002807617
103.55,-0.342928409576416,0.25182634592056274,0.5472441911697388,0.35772159695625305,0.0017239878652617335,-0.4009784758090973
103.6,-0.4694618880748749,0.11552151292562485,1.1367584466934204,0.32940593361854553,0.3248426020145416,-0.18508519232273102
103.65,0.16092972457408905,0.3338499069213867,-0.21638476848602295,0.5677048563957214,0.3034822940826416,0.03448041155934334
103.7,0.2901206612586975,0.3835497498512268,0.22340606153011322,0.30028873682022095,0.2543639540672302,-0.1572311520576477
103.75,-0.4518436789512634,0.13303665816783905,0.21485933661460876,0.06744895875453949,0.17186665534973145,-0.1943240761756897
103.8,-0.07439251989126205,0.4995432496070862,0.21949750185012817,0.06811640411615372,-0.00490522850304842,0.023453157395124435
103.85,0.21239981055259705,0.44378095865249634,-0.12098372727632523,0.00876900739967823,-0.08572197705507278,0.048656634986400604
103.9,0.3342832922935486,0.6627951264381409,-0.2841428518295288,-0.042975686490535736,-0.016967982053756714,0.029315920546650887
103.95,-0.1438998430967331,0.3958349823951721,0.08336152881383896,-0.044836051762104034,0.2892184555530548,-0.1969051957130432
104.0,-0.289584755897522,0.11849501729011536,0.11300312727689743,-0.12497743219137192,0.3285326659679413,-0.20878994464874268
104.05,-0.40464428067207336,0.42144879698753357,0.19313035905361176,-0.08935081958770752,0.2050163447856903,-0.05342768505215645
104.1,0.18504415452480316,0.34015563130378723,0.2940446138381958,0.0174204483628273,0.19455863535404205,0.033313360065221786
104.15,0.0028198212385177612,0.41736510396003723,-0.47584593296051025,-0.030947575345635414,0.15076373517513275,-0.07619727402925491
104.2,0.18479546904563904,0.1838560253381729,0.16860048472881317,-0.14500898122787476,0.03212771192193031,-0.17567132413387299
104.25,0.1011553630232811,-0.11543656140565872,0.29332059621810913,-0.1545773446559906,-0.05529914051294327,-0.0742020383477211
104.3,0.6282012462615967,0.009856227785348892,0.5915197730064392,0.0417882464826107,-0.029318537563085556,0.10548126697540283
104.35,0.025176748633384705,0.2085924595594406,0.3850128650665283,0.38883811235427856,0.06298112124204636,0.06665944308042526
104.4,0.04963655769824982,0.3694181740283966,-0.1488693803548813,0.48295360803604126,0.05277620255947113,0.06201520934700966
104.45,-0.4908432364463806,0.4663410782814026,-0.29724374413490295,0.40969783067703247,0.057414550334215164,0.09249292314052582
104.5,0.19170993566513062,0.1878976672887802,-0.6656579971313477,0.19949555397033691,0.04794592037796974,0.23139452934265137
104.55,0.4068046510219574,0.6738758683204651,0.5803573131561279,0.0339004248380661,0.14035552740097046,0.23416642844676971
104.6,-0.0098581463098526,0.3884907364845276,0.06209623068571091,0.11122104525566101,0.1203925609588623,0.07727991789579391
104.65,0.4248940348625183,0.3483915627002716,0.3834564685821533,0.011388858780264854,0.041920531541109085,0.05203205719590187
104.7,0.4742286801338196,1.0023833513259888,-0.8605391383171082,-0.22909444570541382,0.12517742812633514,-0.0005394443869590759
104.75,1.5843839645385742,2.0016307830810547,-1.6771056652069092,-1.0660141706466675,0.24133284389972687,-0.08824793994426727
104.8,1.203080654144287,0.976082980632782,2.2679190635681152,-2.5263595581054688,1.0772132873535156,0.1556052565574646
104.85,3.905872344970703,-2.2372336387634277,20.541709899902344,-2.270407199859619,2.50636625289917,0.05438593029975891
104.9,3.505814552307129,1.2393932342529297,0.7934587597846985,-1.4651802778244019,3.175461530685425,-0.1513725370168686
104.95,-4.736860275268555,0.27141666412353516,-25.65158462524414,-1.9770135879516602,3.705968141555786,0.3403785526752472
105.0,-7.081513404846191,0.5879601240158081,-10.092583656311035,-0.23160497844219208,1.6796867847442627,-0.28141066431999207
105.05,-0.5911483764648438,2.006195306777954,-2.473594903945923,-0.2257731556892395,-0.5766816139221191,0.7378329634666443
105.1,-0.629126787185669,0.35144802927970886,-1.5959506034851074,-1.2629988193511963,-0.4398159384727478,1.1896049976348877
105.15,4.298480033874512,-0.6503612399101257,1.4642339944839478,-1.5085906982421875,-1.8648121356964111,0.682549774646759
105.2,3.6902897357940674,0.2278928905725479,2.8483211994171143,-0.3172152638435364,-1.6220568418502808,-0.1281699240207672
105.25,0.40506404638290405,-0.05743590369820595,2.3364827632904053,1.1877808570861816,-0.03283490613102913,-0.6494760513305664
105.3,-1.3057215213775635,0.7658721208572388,-0.8352639079093933,2.003061294555664,0.9589810371398926,-0.6096805334091187
105.35,-0.2669105529785156,0.05401422455906868,0.026685286313295364,1.701738715171814,0.31716838479042053,-0.10601434856653214
105.4,0.5208103656768799,0.3857727348804474,-0.28784987330436707,1.564618706703186,-0.0006264732219278812,-0.28989994525909424
105.45,-1.9884110689163208,0.8538047075271606,-1.7416261434555054,1.1170790195465088,0.4933711588382721,-0.24309858679771423
105.5,-0.525505542755127,0.09132097661495209,-0.8714773654937744,0.3403531610965729,0.3508307933807373,0.3898151218891144
105.55,0.5625724792480469,-0.006207461468875408,0.5912433862686157,0.1723656803369522,-0.031984467059373856,0.13927502930164337
105.6,1.1629877090454102,0.012408295646309853,1.7842791080474854,0.38211724162101746,0.06089523434638977,-0.3535022735595703
105.65,-0.6381105780601501,0.02307988330721855,-0.31845521926879883,0.7147862911224365,0.10106794536113739,-0.6803785562515259
105.7,-0.010391391813755035,0.2899217903614044,-0.24016475677490234,0.6060309410095215,0.11168599128723145,-0.26312437653541565
105.75,0.3958962559700012,0.36861708760261536,0.08883044868707657,0.44443970918655396,0.07907967269420624,-0.06956761330366135
105.8,-0.8613330721855164,0.3377256691455841,-0.515694797039032,0.41914957761764526,0.14089974761009216,0.01795772649347782
105.85,0.10737782716751099,0.44265276193618774,0.2208656668663025,0.2959453761577606,0.300275981426239,0.46192023158073425
105.9,1.1198885440826416,0.3716219961643219,-1.3842647075653076,0.44095832109451294,0.49902278184890747,0.5977327823638916
105.95,0.13098493218421936,0.7231016755104065,-0.07767260074615479,0.2206052839756012,0.5024652481079102,0.3666066527366638
106.0,-0.029614200815558434,0.1457090526819229,0.08616463840007782,0.17445561289787292,0.5223774909973145,0.6168664693832397
106.05,-0.6530841588973999,0.025842681527137756,-0.3047839403152466,0.2806932032108307,0.6866584420204163,0.34194624423980713
106.1,-0.2428036481142044,0.5549593567848206,0.31842562556266785,0.18736842274665833,1.1003326177597046,-0.08789969235658646
106.15,3.9135451316833496,-0.31326785683631897,0.9014561176300049,-0.021462976932525635,1.1003704071044922,-0.11355667561292648
106.2,0.9712317585945129,0.47000986337661743,0.9569786787033081,-0.053109705448150635,0.1967906504869461,-0.5807521343231201
106.25,1.4058215618133545,-1.1204636096954346,-0.3836514353752136,0.054171085357666016,-0.05160710588097572,-1.1443437337875366
106.3,-1.5494105815887451,0.19125469028949738,-0.2538108229637146,-0.10293340682983398,0.17854557931423187,-1.305274248123169
106.35,-2.7239818572998047,0.30517682433128357,-0.6719967126846313,-0.04230859875679016,0.6741291284561157,-0.17318923771381378
106.4,0.9281038641929626,0.12032411992549896,0.20539742708206177,0.17704111337661743,1.3712774515151978,0.5326293706893921
106.45,-2.1783833503723145,-2.5272676944732666,-0.6237311959266663,0.3584428131580353,1.5897424221038818,0.32164302468299866
106.5,1.8638418912887573,-3.4271113872528076,-2.5541634559631348,0.45466798543930054,1.8478858470916748,0.2587558627128601
106.55,1.5699129104614258,-0.7951223850250244,-0.9301242828369141,-0.29489821195602417,0.7208614349365234,0.6189767718315125
106.6,-0.002060413360595703,-3.4304754734039307,-3.6902008056640625,-0.8728057146072388,-0.09180239588022232,0.6028801798820496
106.65,0.7121580839157104,-0.20932018756866455,-1.2869539260864258,-1.0234706401824951,0.26339006423950195,-0.3074592351913452
106.7,-0.8525313138961792,0.6007443070411682,-0.32707327604293823,-0.9515635967254639,-0.09842488914728165,-0.5603167414665222
106.75,0.02969568967819214,0.25634390115737915,0.9508019685745239,-0.6219261884689331,-0.2670646011829376,-0.1253633201122284
106.8,-0.24419400095939636,0.1138354167342186,1.2719650268554688,-0.5169383883476257,-0.20814017951488495,-0.10087153315544128
106.85,-0.2361847162246704,1.045761227607727,-0.7282262444496155,-0.19251595437526703,-0.06814508885145187,-0.09334716945886612
106.9,-0.5774235725402832,0.5180426239967346,-0.30977293848991394,-0.2884390652179718,-0.06373134255409241,-0.19399774074554443
106.95,-1.2329432964324951,1.3841315507888794,-0.9773873090744019,-0.21478202939033508,0.09091251343488693,-0.07545249164104462
107.0,1.8550059795379639,0.025227490812540054,0.24767005443572998,-0.25602293014526367,0.3992622196674347,0.1207333356142044
107.05,-0.6016634702682495,-1.5935355424880981,1.6481298208236694,0.2638210952281952,1.31680166721344,0.07438371330499649
107.1,17.54743766784668,12.671758651733398,-12.958075523376465,2.245826482772827,0.7318092584609985,0.020316286012530327
107.15,4.8189239501953125,4.435908794403076,-0.645949125289917,1.0656495094299316,-0.20281589031219482,0.24169199168682098
107.2,1.418807864189148,0.8284083604812622,0.5620459914207458,0.2534245252609253,-0.449447363615036,-0.4174809753894806
107.25,-0.1296532154083252,0.09102342277765274,-0.6966568231582642,-0.14004337787628174,-0.29588547348976135,-0.6448116898536682
107.3,-1.7093141078948975,0.7998268604278564,1.1246684789657593,-0.23941883444786072,-0.014018973335623741,-0.11115314066410065
107.35,-4.825742721557617,-1.2809618711471558,0.07139579951763153,0.4883447289466858,0.3871595561504364,1.3799011707305908
107.4,2.5313706398010254,-0.11658395081758499,-0.3313659429550171,0.5961800813674927,1.0322483777999878,1.5258817672729492
107.45,0.6425045728683472,0.05924316868185997,-0.39503008127212524,-0.18680740892887115,0.49427756667137146,0.728111207485199
107.5,0.5738250613212585,-0.09195808321237564,-0.22559548914432526,-0.27644243836402893,0.06003273278474808,0.2754981815814972
107.55,0.4644654393196106,0.33556652069091797,-0.07985372096300125,-0.4103575050830841,0.05820953845977783,-0.1643410325050354
107.6,0.10653570294380188,0.2402229607105255,-0.023921381682157516,-0.3713117837905884,0.03985796123743057,-0.2316446602344513
107.65,-0.34119248390197754,0.3642492890357971,0.33266445994377136,-0.2425754815340042,0.00171627604868263,-0.0980403870344162
107.7,-0.2714274227619171,0.31905943155288696,0.2812986671924591,-0.10488833487033844,-0.02404118701815605,0.011847039684653282
107.75,0.3646160364151001,0.1396493911743164,-0.08610480278730392,-0.057158082723617554,-0.06751564890146255,0.01935051567852497
107.8,-0.03541059046983719,0.26023200154304504,0.043486159294843674,-0.10184940695762634,-0.14140476286411285,-0.251782089471817
107.85,0.6882936954498291,0.29171276092529297,-0.1026814728975296,-0.075501948595047,-0.18738052248954773,-0.398326575756073
107.9,0.39973151683807373,0.5928134918212891,-0.5449147820472717,-0.21400576829910278,-0.1826661080121994,-0.7812060117721558
107.95,0.5128302574157715,0.07209872454404831,0.11111868172883987,-0.4605293273925781,-0.06797351688146591,-0.7382248640060425
108.0,-2.5658745765686035,0.0581476055085659,1.538378357887268,-0.23235920071601868,0.2582082152366638,-0.7023123502731323
108.05,-1.3114216327667236,0.2294999361038208,0.7488592863082886,0.23452013731002808,0.09217646718025208,-0.2877176105976105
108.1,0.00436973012983799,0.27674391865730286,-0.0439927875995636,0.2897898554801941,0.014476638287305832,-0.04917093366384506
108.15,-0.9805005788803101,-0.5624848008155823,-1.4007484912872314,0.15251114964485168,-0.058837223798036575,-0.030603114515542984
108.2,0.03059086948633194,0.3499937355518341,-0.20504827797412872,-0.17261233925819397,-0.021624518558382988,0.4100818932056427
108.25,-0.025577377527952194,0.3108387291431427,-0.008922754786908627,0.002706466242671013,-0.028187250718474388,0.05082424730062485
108.3,0.2837497889995575,0.07246683537960052,-0.2951304316520691,0.014634981751441956,-0.05000097677111626,-0.10957339406013489
108.35,0.08504555374383926,0.23664095997810364,-0.004165385849773884,-0.14995728433132172,-0.06609267741441727,-0.2255876213312149
108.4,0.17147409915924072,0.19076062738895416,-0.02838965877890587,-0.19394102692604065,-0.04582345113158226,-0.3357762098312378
108.45,0.039281487464904785,0.23575212061405182,-0.18624436855316162,-0.17085927724838257,-0.009701129049062729,-0.37307751178741455
108.5,-0.9701646566390991,0.4271136522293091,0.5358448028564453,-0.15273912250995636,-0.04989494010806084,-0.3612060248851776
108.55,-0.19780659675598145,0.40059763193130493,0.018345782533288002,-0.06278850138187408,-0.13000643253326416,-0.11560273170471191
108.6,0.416101336479187,0.5102338790893555,-0.8554755449295044,-0.13936372101306915,0.16011014580726624,0.20812857151031494
108.65,2.1927428245544434,0.10429849475622177,-0.5749503970146179,-0.17575988173484802,0.053863074630498886,0.5492116212844849
108.7,0.20434674620628357,0.21488477289676666,-0.07145319879055023,-0.25088655948638916,0.035875797271728516,-0.2605774402618408
108.75,0.6159641146659851,0.05986018851399422,-0.5095446109771729,-0.29433679580688477,0.00592281436547637,-0.48114991188049316
108.8,-1.1469372510910034,1.2441188097000122,-0.77818363904953,-0.38535040616989136,-0.10373852401971817,-0.4289584755897522
108.85,-3.9362189769744873,0.10501690953969955,0.8347276449203491,-0.7608991265296936,-0.668622612953186,0.056426871567964554
108.9,8.705536842346191,-0.4157472252845764,-2.866140127182007,-0.5039902329444885,-1.3939343690872192,0.7158336639404297
108.95,19.00194549560547,3.4389145374298096,8.16090202331543,-0.37509751319885254,3.4189846515655518,-0.5034204721450806
109.0,27.45269775390625,-6.613086700439453,4.494974613189697,-0.285356730222702,5.290979862213135,-1.1005364656448364
109.05,10.981790542602539,1.1044989824295044,-11.08469009399414,-1.4885952472686768,4.52024507522583,0.503380298614502
109.1,-7.270268440246582,0.6285287141799927,-25.374523162841797,-2.022456169128418,3.224531888961792,2.7001824378967285
109.15,-13.244653701782227,1.5378886461257935,-12.401494979858398,0.9127418398857117,3.935086965560913,2.7602784633636475
109.2,-10.091864585876465,-0.5860870480537415,-3.26362943649292,2.7472755908966064,6.03054666519165,2.014171600341797
109.25,-12.092231750488281,-4.061670303344727,-0.64882493019104,1.9014644622802734,6.668791770935059,1.994163155555725
109.3,-12.830231666564941,-0.24694685637950897,-0.593477725982666,1.089449405670166,7.6720452308654785,1.5861635208129883
109.35,-10.774274826049805,-1.530344843864441,-0.41357478499412537,0.07113894820213318,8.48323917388916,0.2946418225765228
109.4,-13.060098648071289,-1.2274707555770874,4.473818302154541,0.021282121539115906,8.034167289733887,0.216592475771904
109.45,-8.303947448730469,0.6005368232727051,2.001770257949829,-0.7114934921264648,8.3751220703125,0.6102672815322876
109.5,-9.932812690734863,-1.6553175449371338,11.402508735656738,-0.42552998661994934,8.879572868347168,0.4008704423904419
109.55,16.827627182006836,-1.823128581047058,20.679073333740234,-0.8683333396911621,8.387947082519531,0.6691298484802246
109.6,6.042680740356445,5.585225582122803,3.767677068710327,-1.2497397661209106,6.183828830718994,2.446870803833008
109.65,0.8056932091712952,1.8330568075180054,2.2176594734191895,-0.3723609447479248,3.9656715393066406,1.9799138307571411
109.7,1.6997157335281372,0.10297490656375885,1.4173901081085205,0.6899221539497375,3.096843719482422,1.4593380689620972
109.75,0.5824744701385498,0.8348302841186523,-1.5098739862442017,1.0079765319824219,3.1259922981262207,1.134257435798645
109.8,0.5099743604660034,0.15412038564682007,-1.36081862449646,0.6662753820419312,2.330265522003174,0.9042788147926331
109.85,0.1369260549545288,0.011774977669119835,-0.7840150594711304,0.4227057099342346,1.4331163167953491,0.6618916392326355
109.9,-0.6392920017242432,0.09084420651197433,0.5107780694961548,0.26583433151245117,1.2754874229431152,0.6581524014472961
109.95,1.963361382484436,0.3458680808544159,0.6359354853630066,0.7785835266113281,0.7142202258110046,0.5089234709739685
110.0,0.6931535005569458,0.7211809158325195,-0.9332097768783569,0.9728438258171082,0.4325285255908966,-0.10548499971628189
110.05,0.8037703633308411,1.8278743028640747,-1.2244104146957397,0.34867075085639954,0.11091337352991104,-0.493584543466568
110.1,-0.10299539566040039,4.6700119972229,4.6209306716918945,-1.8364487886428833,0.6265522837638855,-1.1770142316818237
110.15,2.4556002616882324,0.6373435854911804,4.856256484985352,-2.6156795024871826,3.5273966789245605,-1.1401845216751099
110.2,-3.2149159908294678,-2.7518348693847656,2.0518088340759277,-1.2292964458465576,0.8145060539245605,0.6497548222541809
110.25,-4.392045974731445,-7.498445510864258,0.6730208992958069,-1.060302972793579,0.5180811882019043,1.6208544969558716
110.3,4.966300964355469,-4.288970470428467,-4.788121223449707,0.5815297365188599,1.218531608581543,0.595470130443573
110.35,11.70254898071289,2.1907317638397217,-2.5363337993621826,2.4055325984954834,0.2805795669555664,1.502641201019287
110.4,4.926032066345215,0.9268462061882019,-4.6358819007873535,2.004605770111084,-0.21391506493091583,-0.5163729786872864
110.45,-0.6608785390853882,0.9503841996192932,-1.227643609046936,0.3898141384124756,-0.12566179037094116,-0.08228660374879837
110.5,-0.16984133422374725,-0.37729746103286743,-0.15909013152122498,-0.29102104902267456,-0.2961033284664154,1.2684879302978516
110.55,0.20081086456775665,0.13476276397705078,-0.1300167739391327,-0.053300388157367706,-0.21052514016628265,0.31543880701065063
110.6,0.5761369466781616,0.09803863614797592,-0.6537202596664429,0.14776355028152466,0.09598621726036072,-0.594977617263794
110.65,-0.9785109758377075,0.9510117769241333,-0.6611850261688232,0.013347059488296509,0.21208038926124573,-0.778709888458252
110.7,1.4956982135772705,1.1574887037277222,-3.862539052963257,-0.6271737813949585,-0.1271630823612213,-0.29923105239868164
110.75,1.2079658508300781,5.370796203613281,-10.366280555725098,-2.3575713634490967,-1.046250820159912,-1.2877691984176636
110.8,18.05331802368164,33.59680938720703,-8.5577392578125,-9.635807037353516,-1.1366502046585083,-4.425990104675293
110.85,13.353799819946289,-1.0740426778793335,-15.591914176940918,-5.3846821784973145,-1.3724185228347778,-4.070851802825928
110.9,8.803018569946289,-4.9011640548706055,-11.111310958862305,1.2671396732330322,-1.2893447875976562,-0.780859112739563
110.95,5.77203369140625,5.905537128448486,3.384889841079712,6.55647087097168,-0.9258370995521545,2.29000186920166
111.0,-13.451420783996582,-8.78963851928711,35.99946594238281,6.9698944091796875,0.14081333577632904,3.9006705284118652
111.05,-28.76095962524414,-27.210229873657227,28.991456985473633,0.8370988368988037,0.8068503141403198,3.431920289993286
111.1,-19.000463485717773,-21.26778793334961,8.270689964294434,-2.8868985176086426,1.5900286436080933,-0.32797470688819885
111.15,-0.9683991074562073,-12.062422752380371,1.7898566722869873,-2.163301944732666,3.4989819526672363,-2.444429397583008
111.2,-0.9722356796264648,1.750575065612793,14.998458862304688,-1.4588682651519775,2.814976930618286,-0.776520311832428
111.25,21.630640029907227,-25.466354370117188,-69.09005737304688,-0.6583707332611084,0.7866464853286743,-0.35111886262893677
111.3,19.906150817871094,-0.9059480428695679,-29.70024299621582,6.74530029296875,-0.4751357138156891,1.1188480854034424
111.35,1.951556921005249,1.6170395612716675,-6.462050914764404,2.841731548309326,1.2934072017669678,-1.7613716125488281
111.4,-0.03680109977722168,1.5083106756210327,2.5402565002441406,-0.05030420422554016,0.6562096476554871,-0.37193983793258667
111.45,0.7109848856925964,0.17582610249519348,0.8275740146636963,0.43120965361595154,-0.017097776755690575,-1.0203452110290527
111.5,-0.7754315137863159,0.5821009874343872,0.06605476886034012,0.43410494923591614,-0.29073566198349,-1.31728994846344
111.55,0.3060700595378876,1.242737889289856,0.07800101488828659,0.21289417147636414,-0.16142266988754272,-0.697792649269104
111.6,0.8378081917762756,0.652279794216156,-1.5239193439483643,0.18641246855258942,-0.23350925743579865,-0.3035806119441986
111.65,-1.1755167245864868,1.8841021060943604,-1.245424509048462,-0.3113066852092743,0.14646343886852264,-0.09125971049070358
111.7,-0.9279574155807495,0.6928358674049377,-0.6948532462120056,-0.8012737035751343,0.3136548101902008,0.31244096159935
111.75,0.9507319927215576,-1.250016212463379,2.4272806644439697,-0.8664938807487488,-0.07577457278966904,0.22651231288909912
111.8,0.5405943393707275,-0.004628221970051527,-0.41908934712409973,-0.4555129408836365,0.8421030044555664,-0.19211994111537933
111.85,-2.0231361389160156,1.294123888015747,-0.16551117599010468,0.0006802976131439209,1.5779919624328613,-0.3107527196407318
111.9,-2.2556347846984863,0.15128526091575623,-0.40894073247909546,-0.43296971917152405,1.113565444946289,-0.13404448330402374
111.95,-2.2949161529541016,-0.6974172592163086,-0.608180046081543,-0.9694380760192871,0.6920986175537109,-0.15826405584812164
112.0,-3.5846548080444336,-0.0863446518778801,-1.399116039276123,-1.0491077899932861,0.8101063370704651,0.2237488478422165
112.05,0.4795738160610199,0.12511345744132996,-0.5868827104568481,-1.4768145084381104,0.22224514186382294,0.5075379014015198
112.1,1.835024356842041,0.11343380808830261,0.5350322723388672,-1.1710163354873657,0.4960095286369324,0.533291757106781
112.15,2.4211812019348145,-0.017478100955486298,-0.3671013116836548,-0.20778554677963257,1.406519889831543,0.06641839444637299
112.2,7.053732395172119,-0.7601466774940491,-2.8973710536956787,1.3964393138885498,3.1933579444885254,-0.47265103459358215
112.25,6.077782154083252,-9.4800443649292,-6.234997749328613,2.807257652282715,3.5017945766448975,-0.5969809293746948
112.3,-5.95121955871582,0.9226406216621399,9.295642852783203,3.0428638458251953,3.987783193588257,0.35493147373199463
112.35,-5.22647762298584,0.5870985984802246,4.488659381866455,1.0116755962371826,2.931623697280884,-1.0867971181869507
112.4,-1.7797863483428955,1.4137052297592163,2.741281032562256,0.2879209518432617,0.8700373768806458,-0.989094614982605
112.45,1.781381368637085,0.5209139585494995,-2.413479804992676,1.0661739110946655,0.33887049555778503,-0.3421125113964081
112.5,-0.17059093713760376,0.46931174397468567,-0.8092855215072632,0.3341182470321655,0.1578560620546341,-0.4838748574256897
112.55,0.737341582775116,0.40727993845939636,-1.1887727975845337,-0.017783470451831818,-0.05493580549955368,-0.07404302060604095
112.6,-0.8834720253944397,0.46770769357681274,-0.7000738978385925,-0.35061749815940857,-0.03326167166233063,-0.23608818650245667
112.65,-0.2641042172908783,-0.02188771963119507,1.123927116394043,-0.46662911772727966,0.07838704437017441,-0.13168002665042877
112.7,0.5810462236404419,0.44100478291511536,-0.26124927401542664,-0.1302131712436676,0.06958596408367157,-0.0012554633431136608
112.75,0.08633417636156082,0.9479037523269653,0.1560957133769989,-0.12916739284992218,0.09933274239301682,0.12255935370922089
112.8,-0.8984590768814087,1.273963212966919,0.5936411023139954,0.24854806065559387,0.28315621614456177,0.6203247308731079
112.85,-0.7552193403244019,0.7692596316337585,0.07321436703205109,1.024390697479248,0.8389366865158081,1.5515475273132324
112.9,0.07817232608795166,0.38748085498809814,1.11298406124115,1.7577117681503296,1.6147756576538086,2.061359167098999
112.95,0.1439058780670166,0.05786057934165001,4.413290023803711,2.3373074531555176,2.6223347187042236,1.3824574947357178
113.0,-7.075710773468018,1.4654481410980225,7.944266319274902,1.3595551252365112,4.004260540008545,-0.519068717956543
113.05,0.17317533493041992,2.0749497413635254,4.812360763549805,-0.37032055854797363,4.7812275886535645,-2.5697720050811768
113.1,5.438165664672852,-2.514652729034424,-0.3813075125217438,-2.0055770874023438,4.5065016746521,-3.0575716495513916
113.15,9.33715534210205,-12.199810028076172,-11.020788192749023,-1.5397852659225464,4.079704761505127,-1.5987836122512817
113.2,8.529448509216309,7.832287788391113,-18.274789810180664,2.37575626373291,0.4545292854309082,1.160258173942566
113.25,6.6006364822387695,3.073422431945801,-4.3009138107299805,0.07009625434875488,0.27014413475990295,2.6541590690612793
113.3,2.063340902328491,0.7009725570678711,0.6378141045570374,-0.16059455275535583,0.5452592968940735,0.8561773896217346
113.35,-1.4987976551055908,-0.08124350011348724,-0.7069472670555115,0.4058430790901184,0.07138989120721817,0.08444381505250931
113.4,-0.19096678495407104,0.347048819065094,0.2565990686416626,0.2222401350736618,-0.14271312952041626,0.47446581721305847
113.45,-0.004521548748016357,0.30909350514411926,0.24838599562644958,0.2804211676120758,0.04823017492890358,0.17304833233356476
113.5,-0.4185318648815155,0.12340451776981354,-0.3769225478172302,0.26441121101379395,0.17946302890777588,0.05319682136178017
113.55,-0.0026968494057655334,0.1903248131275177,0.04233821481466293,-0.14602863788604736,0.28668537735939026,0.43976065516471863
113.6,-1.3469327688217163,0.13409622013568878,0.3289029002189636,-0.3855716586112976,0.39214247465133667,0.8210885524749756
113.65,0.7136111259460449,0.07378104329109192,1.077654242515564,-0.2803022265434265,0.798133909702301,1.2352560758590698
113.7,0.2760688066482544,0.6926212906837463,0.7511842250823975,0.38229456543922424,1.0801552534103394,0.7437658309936523
113.75,-0.9360299110412598,-0.3259696066379547,1.716325044631958,0.9906049370765686,0.937952995300293,0.20383641123771667
113.8,0.8675021529197693,-0.631045401096344,0.27063363790512085,1.2471706867218018,1.2447336912155151,0.008680596947669983
113.85,0.8043085932731628,-0.43799030780792236,-0.6424920558929443,0.2376430779695511,1.4297243356704712,-0.005737949628382921
113.9,1.5470247268676758,0.6900759339332581,1.0253562927246094,-0.36371228098869324,0.9926705956459045,0.42119306325912476
113.95,-0.08349609375,1.5138219594955444,2.199122428894043,-0.10742610692977905,-0.20714697241783142,0.43022480607032776
114.0,-1.5932259559631348,2.2280383110046387,4.70917272567749,0.7650488615036011,-0.945015549659729,0.651055634021759
114.05,-4.929088115692139,2.8120524883270264,8.680636405944824,3.964107036590576,-0.27388888597488403,1.1121876239776611
114.1,-28.52892303466797,48.97456741333008,11.190978050231934,10.914687156677246,1.638765573501587,3.291142463684082
114.15,-28.703548431396484,-1.7059158086776733,16.35833740234375,3.342510223388672,1.1835217475891113,4.253330230712891
114.2,-7.204972743988037,-11.651885032653809,12.894371032714844,-1.5583761930465698,-0.4678346514701843,1.6929433345794678
114.25,-2.1639692783355713,-6.265904903411865,10.485757827758789,-4.4938530921936035,-0.2782692015171051,-1.3018641471862793
114.3,-2.1040329933166504,1.014862060546875,-5.4893693923950195,-7.523797035217285,-1.3565202951431274,-2.2892415523529053
114.35,7.310129165649414,9.137615203857422,-26.24677848815918,-5.466615676879883,-3.707766532897949,-3.761807441711426
114.4,59.56182098388672,18.23775291442871,-47.09757614135742,-1.4645638465881348,-5.360897064208984,-2.025545835494995
114.45,-0.38916635513305664,-1.0903801918029785,-9.314038276672363,-2.7023723125457764,-1.6464537382125854,-1.0469129085540771
114.5,-3.28611421585083,-2.5595855712890625,1.1808545589447021,-0.7847605347633362,0.06101788952946663,-0.3877563178539276
114.55,1.1215041875839233,-0.0878010243177414,0.0910087451338768,0.3129081726074219,0.15801402926445007,-0.08035548776388168
114.6,-0.6240283250808716,0.2299928516149521,-1.351402997970581,0.3308286666870117,0.0578654445707798,-0.49664390087127686
114.65,0.36168867349624634,0.35477638244628906,-0.4114173650741577,-0.1298900693655014,0.08965639770030975,-0.25257229804992676
114.7,1.0446991920471191,0.30959415435791016,0.07288224995136261,-0.11368654668331146,0.018034623935818672,-0.08349945396184921
114.75,-0.1944645494222641,0.39519602060317993,-0.44605883955955505,0.004493256099522114,0.11718808859586716,0.03199320286512375
114.8,0.812042772769928,0.2981538772583008,0.2570796310901642,-0.032931745052337646,0.2813342213630676,0.3562184274196625
114.85,0.01187048852443695,0.11269378662109375,-0.35553404688835144,0.007761694490909576,0.22607681155204773,0.20025134086608887
114.9,0.6530323028564453,0.30434417724609375,-0.009545368142426014,-0.14480067789554596,0.3690306544303894,0.1554003804922104
114.95,0.28553175926208496,0.38743022084236145,-0.33023330569267273,-0.09904122352600098,0.1171593964099884,0.03123755380511284
115.0,0.3931686282157898,0.29764941334724426,0.051521603018045425,0.03224281221628189,-0.013231237418949604,0.003060336457565427
115.05,0.29869720339775085,0.15824508666992188,0.018102163448929787,0.057036831974983215,0.039550185203552246,0.07747539132833481
115.1,-0.5383601784706116,0.44482141733169556,-0.3979852795600891,0.03379970043897629,0.2543511986732483,0.22137989103794098
115.15,-1.278899908065796,1.6144078969955444,1.5655620098114014,0.026280224323272705,0.16350962221622467,0.5999062061309814
115.2,0.3798152804374695,1.6400501728057861,0.526059627532959,1.009353518486023,0.3790380358695984,1.1093477010726929
115.25,0.00308072566986084,0.9574938416481018,-1.849729299545288,2.1722984313964844,1.6848646402359009,1.0858045816421509
115.3,0.7662556171417236,0.7840110063552856,0.5669816136360168,2.275853395462036,2.455216884613037,1.1866556406021118
115.35,0.7422177791595459,-0.2903004288673401,-0.09749020636081696,2.108668565750122,1.4972482919692993,1.2075648307800293
115.4,1.2430710792541504,-1.1818363666534424,-2.195411443710327,1.635336995124817,1.4548641443252563,0.5817517638206482
115.45,0.5044825077056885,-0.11276448518037796,-2.023127317428589,0.3371942341327667,1.59269380569458,-0.45292747020721436
115.5,0.33912885189056396,0.3965836763381958,1.4603004455566406,-0.5430560111999512,1.5562942028045654,-0.44919922947883606
115.55,1.4678494930267334,-0.31596001982688904,-0.1127215251326561,-0.2830287218093872,0.8913069367408752,-0.3717970550060272
115.6,-0.6956900358200073,0.7836153507232666,1.4946931600570679,-0.30268409848213196,0.10341919958591461,-0.16556987166404724
115.65,0.20123958587646484,0.930487871170044,2.3304624557495117,0.4207858443260193,0.07656567543745041,0.03494643047451973
115.7,0.5125107169151306,-0.5042716860771179,-1.9780759811401367,0.9500960111618042,-0.5152637362480164,0.13331905007362366
115.75,0.6251832246780396,-0.22185049951076508,-1.2192680835723877,0.15752559900283813,-0.04488809406757355,-0.07432230561971664
115.8,1.168880581855774,0.28675270080566406,0.5723168849945068,-0.30031341314315796,0.44889283180236816,-0.2976468801498413
115.85,-0.11922801285982132,0.2872677147388458,-0.26641130447387695,-0.09371142089366913,0.5175964832305908,-0.3725832402706146
115.9,1.6390949487686157,-0.6493903398513794,-0.5030056834220886,-0.20089000463485718,0.3320586383342743,-0.091706782579422
115.95,0.617855429649353,0.02262687124311924,0.35649609565734863,-0.3326570987701416,0.6220790147781372,-0.20519602298736572
116.0,-0.5645215511322021,-0.01958371512591839,-0.7101836204528809,-0.2662115693092346,0.6856658458709717,-0.19648008048534393
116.05,1.8648242950439453,-0.5439788103103638,0.26609596610069275,-0.540733277797699,0.4225676357746124,0.016661163419485092
116.1,0.573832631111145,0.6711922287940979,0.5792887806892395,-0.45897677540779114,0.7260382771492004,-0.2109309583902359
116.15,-0.40514594316482544,1.1969616413116455,1.4412552118301392,-0.1719573587179184,-0.20606645941734314,0.07556252926588058
116.2,-0.3598254323005676,0.6150656938552856,1.4612091779708862,0.7563904523849487,-0.8263558745384216,0.028223048895597458
116.25,0.15829169750213623,-0.6829997301101685,-0.7341395020484924,1.2046191692352295,-1.9967753887176514,0.5438495874404907
116.3,0.8822380304336548,0.09036063402891159,0.4482591152191162,0.8988940715789795,-2.623279333114624,0.9031043648719788
116.35,-0.684683084487915,0.36080554127693176,-0.5866351127624512,0.6109021902084351,-2.8943450450897217,1.1690253019332886
116.4,11.329838752746582,-4.402115821838379,1.5724756717681885,-1.0144007205963135,-4.629097938537598,0.7280557155609131
116.45,1.5167242288589478,-1.7846369743347168,-4.237242698669434,-1.814927577972412,-3.8088979721069336,-1.0825519561767578
116.5,-4.658608436584473,-5.879237651824951,-2.0446770191192627,-5.57191801071167,-1.9637458324432373,-2.65476131439209
116.55,-9.112288475036621,-3.353210210800171,-10.534034729003906,-2.9502334594726562,1.1091792583465576,-2.714113473892212
116.6,0.7292789220809937,-0.5505611300468445,-2.317873001098633,1.4481672048568726,0.9050087928771973,-1.463492751121521
116.65,-6.583831787109375,-0.36657339334487915,-6.425466060638428,0.6097224950790405,-0.33052682876586914,-1.1277706623077393
116.7,-0.28803524374961853,0.4332648515701294,0.947834849357605,-0.2588548958301544,-0.2549273371696472,-0.2759103775024414
116.75,-1.4153285026550293,-0.5536823272705078,0.4312012493610382,0.2189697027206421,-0.12748394906520844,-0.6099036931991577
116.8,-0.8671079277992249,-0.09344769269227982,-0.6633559465408325,0.3384266197681427,0.037183597683906555,-0.442412406206131
116.85,-0.23736156523227692,0.34000495076179504,-0.2869444191455841,0.11681432276964188,0.10758565366268158,-0.24639321863651276
116.9,0.834397554397583,0.4225941598415375,1.3098046779632568,0.0714566707611084,0.27224692702293396,-0.1898180991411209
116.95,-0.8103379607200623,0.198613241314888,0.1866903454065323,0.22547081112861633,0.4121292233467102,-0.07927004992961884
117.0,-0.6446253061294556,0.37412071228027344,-0.9151832461357117,0.03204815089702606,0.6416264772415161,0.31795206665992737
117.05,-0.43077757954597473,0.5649175643920898,-1.234011173248291,-0.08054780960083008,0.8582622408866882,0.5772731900215149
117.1,-4.3469014167785645,1.9825108051300049,-2.9703032970428467,0.33760035037994385,0.8755316138267517,1.5131027698516846
117.15,-15.860389709472656,-8.297344207763672,-1.401993751525879,0.7580668926239014,1.7916139364242554,2.901005506515503
117.2,0.8783127069473267,-3.756621837615967,0.6194912791252136,1.4672157764434814,-1.4080737829208374,-0.27083632349967957
117.25,4.552762031555176,-2.7860207557678223,6.714217662811279,-1.3893758058547974,2.5156867504119873,-0.9049059748649597
117.3,14.036553382873535,6.576465606689453,13.326133728027344,-3.401172161102295,3.22786545753479,1.098679542541504
117.35,6.799872398376465,2.165118455886841,5.059528350830078,-0.6020784974098206,0.31287169456481934,0.47519177198410034
117.4,2.2474164962768555,0.8774653673171997,1.664821743965149,0.7041163444519043,-0.31291744112968445,-1.101487159729004
117.45,-0.35268688201904297,1.0298978090286255,0.25124460458755493,1.7092406749725342,0.3332657516002655,-2.438610076904297
117.5,-0.09873437881469727,-1.2214128971099854,-2.9553909301757812,2.3716988563537598,0.11645830422639847,-2.087820053100586
117.55,-1.7238469123840332,-0.9799643754959106,-0.8509204387664795,1.1392735242843628,0.11577465385198593,-1.4632878303527832
117.6,-1.6414363384246826,0.007903086952865124,-1.6575226783752441,0.07143668830394745,-0.09872587770223618,-0.47805067896842957
117.65,0.9648846387863159,0.787446141242981,1.2577155828475952,-0.413124144077301,0.050426531583070755,0.24100929498672485
117.7,-0.2563774883747101,0.44268327951431274,-0.37276771664619446,0.21506185829639435,0.062164682894945145,-0.12568536400794983
117.75,0.32530197501182556,0.25805190205574036,0.42559003829956055,0.2624991834163666,0.15225708484649658,-0.06558668613433838
117.8,0.273104190826416,0.31732267141342163,-1.418107509613037,0.8415184020996094,0.03930599242448807,-0.2314402163028717
117.85,0.4430708885192871,0.004892284981906414,-1.0413885116577148,0.5660207271575928,-0.03192724660038948,0.016731856390833855
117.9,0.6267380714416504,0.16004560887813568,-0.13804353773593903,0.241270512342453,0.0214015431702137,-0.00116034469101578
117.95,0.06454475224018097,0.3685922622680664,-0.2802794277667999,0.2033202052116394,0.14751341938972473,-0.16837529838085175
118.0,0.2822583019733429,0.49581724405288696,0.1285434365272522,0.15419627726078033,0.24487006664276123,-0.1924322545528412
118.05,-0.22861427068710327,-0.0632667988538742,-1.0652072429656982,0.180606871843338,0.026017354801297188,-0.14475160837173462
118.1,-0.3163515627384186,0.1466817706823349,-0.7780570387840271,-0.33900460600852966,0.06991223245859146,0.07365211099386215
118.15,-0.5350255370140076,0.43153098225593567,-0.8867647647857666,-0.8283863067626953,0.12062261998653412,0.2772769331932068
118.2,1.6956435441970825,0.6006565690040588,1.4884833097457886,-1.240153431892395,0.19934995472431183,0.7046029567718506
118.25,-2.995734214782715,1.814069151878357,0.40958476066589355,-0.484514981508255,-0.25670716166496277,0.5370784997940063
118.3,-10.019474029541016,6.5026702880859375,-7.781535625457764,0.8838649988174438,-0.7957104444503784,2.805116653442383
118.35,-41.34629821777344,-3.1729016304016113,-23.955425262451172,-0.2897617816925049,-1.1478767395019531,2.2124156951904297
118.4,2.261294364929199,-4.532609939575195,-12.0610933303833,0.8441847562789917,-6.730027198791504,-3.2103161811828613
118.45,-15.884538650512695,-1.6501623392105103,0.47847071290016174,-0.6808056831359863,1.1947139501571655,-1.7877790927886963
118.5,-11.885222434997559,4.631049633026123,-6.473256587982178,-2.0788047313690186,0.6667723059654236,-0.8993275165557861
118.55,0.9168370962142944,0.8623763918876648,2.103057861328125,-1.2515114545822144,0.05354404076933861,0.30824702978134155
118.6,-0.03878062963485718,-0.1332942098379135,-1.865179419517517,0.35946545004844666,-0.10957475006580353,-0.4209853410720825
118.65,0.33229759335517883,0.00978181790560484,-0.16028210520744324,-0.34928226470947266,-0.04524780809879303,-0.24025805294513702
118.7,0.24457412958145142,-0.04419708624482155,0.23835629224777222,-0.2781035304069519,-0.03735983371734619,-0.03775065019726753
118.75,-0.367640882730484,-0.0985441505908966,-0.5871748924255371,-0.16186563670635223,0.020538590848445892,0.158995121717453
118.8,0.6655198931694031,0.5061330795288086,-0.38980093598365784,-0.16801050305366516,0.037177395075559616,0.3387462794780731
118.85,0.09027069807052612,0.34146785736083984,-0.7729955911636353,0.08423216640949249,-0.11984837800264359,0.008144237101078033
118.9,3.0737624168395996,1.6056243181228638,-0.5215771198272705,0.09903426468372345,-0.09663335978984833,0.10230682790279388
118.95,8.554035186767578,-1.5956761837005615,-2.926226854324341,0.12393314391374588,-0.06482530385255814,0.046492476016283035
119.0,11.823760032653809,-0.18016426265239716,-8.96026611328125,0.7352129817008972,0.7000487446784973,0.4048175513744354
119.05,5.95172119140625,3.3101320266723633,-7.694520950317383,1.9944241046905518,1.1503182649612427,1.6583325862884521
119.1,-1.5255519151687622,0.7732726335525513,-1.5862419605255127,3.04191255569458,0.7505379915237427,2.448737144470215
119.15,-5.316472053527832,-2.9784815311431885,3.8494930267333984,3.8947091102600098,-0.610541582107544,1.632960319519043
119.2,-10.43244743347168,-15.5636568069458,12.329519271850586,2.505516290664673,-1.571144700050354,1.4329756498336792
119.25,-1.8125464916229248,8.478469848632812,1.0612938404083252,-0.8077873587608337,-2.295201063156128,-0.8078268766403198
119.3,-6.612313747406006,-0.40518641471862793,0.8507535457611084,-2.8571548461914062,-0.8567408323287964,-2.932138681411743
119.35,-0.820747971534729,-0.09116072952747345,0.46046632528305054,-2.751613140106201,0.2928015887737274,-1.4524552822113037
119.4,0.711017906665802,0.490303099155426,0.9159782528877258,-2.1987810134887695,0.3236021101474762,-0.9579718708992004
119.45,-0.2400997430086136,1.0398894548416138,0.33316361904144287,-1.5646024942398071,0.46201321482658386,-0.8942545652389526
119.5,-0.05094943940639496,0.7889300584793091,-0.18890218436717987,-1.0403000116348267,0.315304696559906,-0.49645933508872986
119.55,0.10311852395534515,0.5437317490577698,-0.05842670425772667,-0.5393845438957214,0.05211246386170387,-0.24144981801509857
119.6,0.04412710666656494,0.31542491912841797,-0.7959643602371216,-0.018542826175689697,-0.03886204585433006,-0.1919853836297989
119.65,-0.14327484369277954,0.08154771476984024,-0.8130292892456055,0.021236535161733627,0.004239041358232498,-0.07116448134183884
119.7,0.3009074628353119,0.20472240447998047,-0.49722641706466675,-0.10431700944900513,-0.0008144419407472014,0.03040153533220291
